1511
0 0 36
0 1 37
0 10 30
0 11 2
0 2 3
0 3 6
0 4 1
0 5 42
0 7 5
0 8 2
0 9 2
1 0 35
1 1 3
1 10 8
1 3 6
1 5 7
1 7 4
1 8 3
10 0 36
10 1 1
10 10 31
10 11 2
10 2 2
10 5 20
10 6 2
10 7 3
10 8 19
10 9 36
11 10 4
2 0 2
2 1 1
2 10 1
2 2 98
2 3 8
2 5 4
2 9 4
3 0 4
3 1 14
3 10 1
3 2 1
3 3 6
3 4 1
3 5 19
3 7 1
3 8 6
4 10 1
4 3 1
4 4 2
4 5 3
4 8 1
5 0 32
5 1 3
5 10 19
5 2 4
5 3 19
5 4 4
5 5 575
5 6 4
5 7 22
5 8 21
5 9 9
6 10 1
6 5 3
6 7 2
7 0 4
7 1 3
7 10 6
7 3 1
7 5 16
7 7 6
7 8 16
7 9 8
8 0 11
8 1 3
8 10 17
8 2 1
8 3 6
8 5 19
8 7 13
8 8 25
9 0 6
9 10 32
9 2 8
9 5 7
9 7 4
9 8 2
9 9 12
