0 0 2.382528127068167
0 1 2.4487094639311717
0 10 1.9854401058901392
0 11 0.13236267372600927
0 2 0.1985440105890139
0 3 0.3970880211780278
0 4 0.06618133686300463
0 5 2.7796161482461947
0 7 0.3309066843150232
0 8 0.13236267372600927
0 9 0.13236267372600927
1 0 2.316346790205162
1 1 0.1985440105890139
1 10 0.5294506949040371
1 3 0.3970880211780278
1 5 0.4632693580410324
1 7 0.26472534745201853
1 8 0.1985440105890139
10 0 2.382528127068167
10 1 0.06618133686300463
10 10 2.0516214427531434
10 11 0.13236267372600927
10 2 0.13236267372600927
10 5 1.3236267372600927
10 6 0.13236267372600927
10 7 0.1985440105890139
10 8 1.257445400397088
10 9 2.382528127068167
11 10 0.26472534745201853
2 0 0.13236267372600927
2 1 0.06618133686300463
2 10 0.06618133686300463
2 2 6.485771012574454
2 3 0.5294506949040371
2 5 0.26472534745201853
2 9 0.26472534745201853
3 0 0.26472534745201853
3 1 0.9265387160820648
3 10 0.06618133686300463
3 2 0.06618133686300463
3 3 0.3970880211780278
3 4 0.06618133686300463
3 5 1.257445400397088
3 7 0.06618133686300463
3 8 0.3970880211780278
4 10 0.06618133686300463
4 3 0.06618133686300463
4 4 0.13236267372600927
4 5 0.1985440105890139
4 8 0.06618133686300463
5 0 2.1178027796161483
5 1 0.1985440105890139
5 10 1.257445400397088
5 2 0.26472534745201853
5 3 1.257445400397088
5 4 0.26472534745201853
5 5 38.05426869622766
5 6 0.26472534745201853
5 7 1.455989410986102
5 8 1.3898080741230974
5 9 0.5956320317670417
6 10 0.06618133686300463
6 5 0.1985440105890139
6 7 0.13236267372600927
7 0 0.26472534745201853
7 1 0.1985440105890139
7 10 0.3970880211780278
7 3 0.06618133686300463
7 5 1.0589013898080741
7 7 0.3970880211780278
7 8 1.0589013898080741
7 9 0.5294506949040371
8 0 0.727994705493051
8 1 0.1985440105890139
8 10 1.1250827266710788
8 2 0.06618133686300463
8 3 0.3970880211780278
8 5 1.257445400397088
8 7 0.8603573792190603
8 8 1.6545334215751157
9 0 0.3970880211780278
9 10 2.1178027796161483
9 2 0.5294506949040371
9 5 0.4632693580410324
9 7 0.26472534745201853
9 8 0.13236267372600927
9 9 0.7941760423560555
