1511
0.08 0.08 5
0.08 0.5 1
0.08 0.75 3
0.1 0.1 9
0.1 0.75 1
0.13 0.14 1
0.14 0.14 10
0.14 0.15 2
0.15 0.75 2
0.25 0.1 1
0.25 1.0 3
0.25 2.0 16
0.25 4.0 2
0.5 0.5 803
0.5 0.75 3
0.5 0.88 4
0.5 1.0 22
0.5 1.5 3
0.5 2.0 23
0.5 2.5 1
0.5 3.0 13
0.5 4.0 4
0.75 0.25 22
0.75 4.0 2
0.88 0.08 3
0.88 0.13 1
1.0 0.14 1
1.0 0.5 20
1.0 0.75 9
1.0 1.0 226
1.0 1.5 1
1.0 2.0 25
1.0 3.0 17
1.0 4.0 16
1.0 5.0 4
1.5 0.08 1
1.5 0.5 4
1.5 0.75 2
1.5 4.0 1
2.0 0.5 25
2.0 0.75 2
2.0 1.0 39
2.0 1.5 4
2.0 2.0 61
2.0 2.5 1
2.0 3.0 8
2.5 0.5 2
3.0 0.5 16
3.0 1.0 22
3.0 2.0 1
3.0 3.0 6
4.0 0.5 3
4.0 1.0 4
4.0 2.0 14
4.0 4.0 12
5.0 1.0 4
