0.08 0.08 0.3309066843150232
0.08 0.5 0.06618133686300463
0.08 0.75 0.1985440105890139
0.1 0.1 0.5956320317670417
0.1 0.75 0.06618133686300463
0.13 0.14 0.06618133686300463
0.14 0.14 0.6618133686300464
0.14 0.15 0.13236267372600927
0.15 0.75 0.13236267372600927
0.25 0.1 0.06618133686300463
0.25 1.0 0.1985440105890139
0.25 2.0 1.0589013898080741
0.25 4.0 0.13236267372600927
0.5 0.5 53.143613500992714
0.5 0.75 0.1985440105890139
0.5 0.88 0.26472534745201853
0.5 1.0 1.455989410986102
0.5 1.5 0.1985440105890139
0.5 2.0 1.5221707478491064
0.5 2.5 0.06618133686300463
0.5 3.0 0.8603573792190603
0.5 4.0 0.26472534745201853
0.75 0.25 1.455989410986102
0.75 4.0 0.13236267372600927
0.88 0.08 0.1985440105890139
0.88 0.13 0.06618133686300463
1.0 0.14 0.06618133686300463
1.0 0.5 1.3236267372600927
1.0 0.75 0.5956320317670417
1.0 1.0 14.956982131039048
1.0 1.5 0.06618133686300463
1.0 2.0 1.6545334215751157
1.0 3.0 1.1250827266710788
1.0 4.0 1.0589013898080741
1.0 5.0 0.26472534745201853
1.5 0.08 0.06618133686300463
1.5 0.5 0.26472534745201853
1.5 0.75 0.13236267372600927
1.5 4.0 0.06618133686300463
2.0 0.5 1.6545334215751157
2.0 0.75 0.13236267372600927
2.0 1.0 2.5810721376571806
2.0 1.5 0.26472534745201853
2.0 2.0 4.037061548643282
2.0 2.5 0.06618133686300463
2.0 3.0 0.5294506949040371
2.5 0.5 0.13236267372600927
3.0 0.5 1.0589013898080741
3.0 1.0 1.455989410986102
3.0 2.0 0.06618133686300463
3.0 3.0 0.3970880211780278
4.0 0.5 0.1985440105890139
4.0 1.0 0.26472534745201853
4.0 2.0 0.9265387160820648
4.0 4.0 0.7941760423560555
5.0 1.0 0.26472534745201853
