1198
0 0 16
0 1 40
0 10 24
0 3 34
0 4 7
0 5 8
0 7 4
0 8 17
1 0 22
1 1 2
1 10 27
1 11 5
1 2 1
1 3 42
1 4 10
1 5 4
1 7 4
1 8 17
1 9 1
10 0 33
10 1 15
10 11 11
10 3 2
10 4 4
10 5 5
10 6 1
10 7 18
10 8 36
11 0 1
11 10 7
11 3 3
11 7 4
11 8 2
11 9 2
2 4 1
2 5 10
3 0 23
3 1 14
3 10 3
3 11 1
3 2 2
3 3 8
3 4 27
3 5 22
3 7 14
3 8 17
3 9 1
4 0 3
4 1 14
4 10 6
4 3 17
4 4 1
4 5 5
4 7 14
4 8 8
5 0 8
5 1 5
5 10 11
5 2 8
5 3 10
5 4 5
5 5 10
5 6 8
5 7 13
5 8 10
5 9 1
6 1 2
6 3 1
6 5 3
6 7 2
6 8 1
6 9 2
7 0 6
7 1 16
7 10 13
7 11 2
7 3 7
7 5 10
7 7 1
7 8 81
7 9 25
8 0 39
8 1 17
8 10 34
8 3 10
8 4 12
8 5 11
8 6 2
8 7 85
8 8 17
8 9 19
9 1 10
9 7 2
9 8 39
1198
0.17 0.17 54
0.17 0.19 124
0.17 0.25 1
0.19 0.19 374
0.19 0.27 125
0.19 3.63 1
0.25 0.25 1
0.25 3.75 1
0.27 0.17 125
0.33 0.33 62
0.33 0.35 65
0.33 0.96 1
0.35 0.33 65
0.35 0.35 111
0.35 0.5 1
0.35 0.6 40
0.35 4.0 1
0.5 0.19 1
0.5 0.35 1
0.5 0.5 2
0.5 2.0 1
0.6 0.35 40
0.96 3.88 1
