0 0 1.335559265442404
0 1 3.33889816360601
0 10 2.003338898163606
0 3 2.8380634390651087
0 4 0.5843071786310517
0 5 0.667779632721202
0 7 0.333889816360601
0 8 1.4190317195325544
1 0 1.8363939899833055
1 1 0.1669449081803005
1 10 2.2537562604340566
1 11 0.41736227045075125
1 2 0.08347245409015025
1 3 3.5058430717863103
1 4 0.8347245409015025
1 5 0.333889816360601
1 7 0.333889816360601
1 8 1.4190317195325544
1 9 0.08347245409015025
10 0 2.7545909849749584
10 1 1.2520868113522539
10 11 0.9181969949916527
10 3 0.1669449081803005
10 4 0.333889816360601
10 5 0.41736227045075125
10 6 0.08347245409015025
10 7 1.5025041736227045
10 8 3.005008347245409
11 0 0.08347245409015025
11 10 0.5843071786310517
11 3 0.25041736227045075
11 7 0.333889816360601
11 8 0.1669449081803005
11 9 0.1669449081803005
2 4 0.08347245409015025
2 5 0.8347245409015025
3 0 1.9198664440734556
3 1 1.1686143572621035
3 10 0.25041736227045075
3 11 0.08347245409015025
3 2 0.1669449081803005
3 3 0.667779632721202
3 4 2.2537562604340566
3 5 1.8363939899833055
3 7 1.1686143572621035
3 8 1.4190317195325544
3 9 0.08347245409015025
4 0 0.25041736227045075
4 1 1.1686143572621035
4 10 0.5008347245409015
4 3 1.4190317195325544
4 4 0.08347245409015025
4 5 0.41736227045075125
4 7 1.1686143572621035
4 8 0.667779632721202
5 0 0.667779632721202
5 1 0.41736227045075125
5 10 0.9181969949916527
5 2 0.667779632721202
5 3 0.8347245409015025
5 4 0.41736227045075125
5 5 0.8347245409015025
5 6 0.667779632721202
5 7 1.0851419031719534
5 8 0.8347245409015025
5 9 0.08347245409015025
6 1 0.1669449081803005
6 3 0.08347245409015025
6 5 0.25041736227045075
6 7 0.1669449081803005
6 8 0.08347245409015025
6 9 0.1669449081803005
7 0 0.5008347245409015
7 1 1.335559265442404
7 10 1.0851419031719534
7 11 0.1669449081803005
7 3 0.5843071786310517
7 5 0.8347245409015025
7 7 0.08347245409015025
7 8 6.76126878130217
7 9 2.0868113522537564
8 0 3.25542570951586
8 1 1.4190317195325544
8 10 2.8380634390651087
8 3 0.8347245409015025
8 4 1.001669449081803
8 5 0.9181969949916527
8 6 0.1669449081803005
8 7 7.0951585976627705
8 8 1.4190317195325544
8 9 1.5859766277128546
9 1 0.8347245409015025
9 7 0.1669449081803005
9 8 3.25542570951586
