0.17 0.17 4.507512520868113
0.17 0.19 10.35058430717863
0.17 0.25 0.08347245409015025
0.19 0.19 31.21869782971619
0.19 0.27 10.434056761268781
0.19 3.63 0.08347245409015025
0.25 0.25 0.08347245409015025
0.25 3.75 0.08347245409015025
0.27 0.17 10.434056761268781
0.33 0.33 5.175292153589315
0.33 0.35 5.425709515859766
0.33 0.96 0.08347245409015025
0.35 0.33 5.425709515859766
0.35 0.35 9.265442404006679
0.35 0.5 0.08347245409015025
0.35 0.6 3.33889816360601
0.35 4.0 0.08347245409015025
0.5 0.19 0.08347245409015025
0.5 0.35 0.08347245409015025
0.5 0.5 0.1669449081803005
0.5 2.0 0.08347245409015025
0.6 0.35 3.33889816360601
0.96 3.88 0.08347245409015025
