0.5 0.5 1.0 0.00430828147438966
0.5 0.5 2.0 0.0019147917663954045
0.5 0.5 4.0 9.573958831977022E-4
0.5 1.0 0.5 0.0014360938247965534
0.5 1.0 1.0 0.011488750598372427
0.5 1.0 2.0 4.786979415988511E-4
0.5 1.5 0.5 9.573958831977022E-4
0.5 2.0 2.0 4.786979415988511E-4
0.5 2.0 4.0 0.0019147917663954045
0.5 2.0 8.0 4.786979415988511E-4
0.5 3.0 1.0 4.786979415988511E-4
0.5 4.0 2.0 9.573958831977022E-4
0.5 4.0 3.0 4.786979415988511E-4
0.5 4.0 4.0 4.786979415988511E-4
1.0 0.5 0.5 0.003350885591191958
1.0 1.0 0.5 0.0019147917663954045
1.0 1.0 1.0 0.02489229296314026
1.0 1.0 1.5 0.0014360938247965534
1.0 1.0 2.0 0.02920057443752992
1.0 1.0 3.0 0.00430828147438966
1.0 1.0 4.0 0.009095260890378171
1.0 1.0 6.0 4.786979415988511E-4
1.0 1.5 0.5 0.003350885591191958
1.0 10.05 4.0 9.573958831977022E-4
1.0 2.0 0.5 9.573958831977022E-4
1.0 2.0 1.0 0.008137865007180469
1.0 2.0 1.5 0.0023934897079942556
1.0 2.0 10.05 4.786979415988511E-4
1.0 2.0 12.0 4.786979415988511E-4
1.0 2.0 2.0 0.05169937769267592
1.0 2.0 3.0 0.010052656773575874
1.0 2.0 3.2 9.573958831977022E-4
1.0 2.0 4.0 0.01723312589755864
1.0 2.0 6.0 4.786979415988511E-4
1.0 2.0 8.0 0.0019147917663954045
1.0 3.0 0.5 0.0019147917663954045
1.0 3.0 1.0 0.007659167065581618
1.0 4.0 1.0 0.0014360938247965534
1.0 4.0 1.5 4.786979415988511E-4
1.0 4.0 10.05 4.786979415988511E-4
1.0 4.0 2.0 0.023934897079942556
1.0 4.0 3.0 0.0019147917663954045
1.0 4.0 4.0 0.009573958831977022
1.0 4.0 6.0 4.786979415988511E-4
1.0 4.0 8.0 0.0014360938247965534
1.0 6.0 2.0 9.573958831977022E-4
1.0 8.0 2.0 4.786979415988511E-4
1.0 8.0 3.0 4.786979415988511E-4
1.5 0.5 1.0 0.009095260890378171
1.5 0.5 1.5 9.573958831977022E-4
1.5 0.5 2.0 9.573958831977022E-4
1.5 0.5 3.0 4.786979415988511E-4
1.5 0.5 4.0 9.573958831977022E-4
10.05 2.0 2.0 4.786979415988511E-4
10.05 4.0 2.0 0.003350885591191958
12.0 4.0 2.0 4.786979415988511E-4
2.0 0.5 0.5 9.573958831977022E-4
2.0 1.0 1.0 0.02106270943034945
2.0 1.0 1.5 9.573958831977022E-4
2.0 1.0 10.05 4.786979415988511E-4
2.0 1.0 2.0 0.0057443752991862135
2.0 1.0 3.0 4.786979415988511E-4
2.0 1.0 4.0 4.786979415988511E-4
2.0 1.0 8.0 4.786979415988511E-4
2.0 1.5 0.5 0.007659167065581618
2.0 10.05 2.0 4.786979415988511E-4
2.0 10.05 4.0 9.573958831977022E-4
2.0 12.0 4.0 4.786979415988511E-4
2.0 2.0 1.0 0.019626615605552896
2.0 2.0 1.5 0.0023934897079942556
2.0 2.0 10.05 4.786979415988511E-4
2.0 2.0 12.0 4.786979415988511E-4
2.0 2.0 2.0 0.08855911919578746
2.0 2.0 3.0 0.048827190043082815
2.0 2.0 4.0 0.034944949736716135
2.0 2.0 6.0 0.0023934897079942556
2.0 2.0 8.0 0.0023934897079942556
2.0 3.0 0.5 9.573958831977022E-4
2.0 3.0 1.0 0.0842508377213978
2.0 3.2 2.0 4.786979415988511E-4
2.0 3.2 4.0 4.786979415988511E-4
2.0 4.0 2.0 0.04643370033508856
2.0 4.0 3.0 0.00430828147438966
2.0 4.0 4.0 0.02967927237912877
2.0 4.0 6.0 4.786979415988511E-4
2.0 4.0 8.0 0.0028721876495931067
2.0 6.0 2.0 0.00430828147438966
2.0 8.0 2.0 0.0023934897079942556
2.0 8.0 3.0 4.786979415988511E-4
2.0 8.0 4.0 0.0028721876495931067
2.0 8.0 8.0 4.786979415988511E-4
3.0 0.5 0.5 0.0028721876495931067
3.0 1.0 1.0 0.011488750598372427
3.0 1.0 1.5 9.573958831977022E-4
3.0 1.0 10.05 4.786979415988511E-4
3.0 1.0 2.0 0.05887984681665869
3.0 1.0 3.0 0.004786979415988511
3.0 1.0 4.0 0.03015797032072762
3.0 1.0 6.0 4.786979415988511E-4
3.0 1.0 8.0 4.786979415988511E-4
3.2 2.0 3.0 4.786979415988511E-4
3.2 4.0 2.0 4.786979415988511E-4
4.0 1.0 1.0 0.0014360938247965534
4.0 1.0 2.0 4.786979415988511E-4
4.0 1.5 0.5 4.786979415988511E-4
4.0 10.05 4.0 9.573958831977022E-4
4.0 2.0 1.0 0.0019147917663954045
4.0 2.0 1.5 0.0028721876495931067
4.0 2.0 10.05 4.786979415988511E-4
4.0 2.0 12.0 4.786979415988511E-4
4.0 2.0 2.0 0.05409286740067018
4.0 2.0 3.0 0.022977501196744854
4.0 2.0 4.0 0.026807084729535663
4.0 2.0 6.0 9.573958831977022E-4
4.0 2.0 8.0 9.573958831977022E-4
4.0 3.0 1.0 0.013882240306366683
4.0 4.0 1.0 4.786979415988511E-4
4.0 4.0 12.0 4.786979415988511E-4
4.0 4.0 2.0 0.032551460028721876
4.0 4.0 3.0 0.006701771182383916
4.0 4.0 4.0 0.00430828147438966
4.0 4.0 6.0 4.786979415988511E-4
4.0 4.0 8.0 4.786979415988511E-4
4.0 6.0 2.0 9.573958831977022E-4
4.0 6.0 4.0 4.786979415988511E-4
4.0 8.0 10.05 4.786979415988511E-4
4.0 8.0 12.0 4.786979415988511E-4
4.0 8.0 2.0 0.0023934897079942556
4.0 8.0 3.0 4.786979415988511E-4
4.0 8.0 4.0 9.573958831977022E-4
6.0 2.0 2.0 9.573958831977022E-4
6.0 2.0 3.0 0.0019147917663954045
6.0 2.0 4.0 0.0023934897079942556
6.0 2.0 6.0 4.786979415988511E-4
6.0 2.0 8.0 4.786979415988511E-4
6.0 4.0 3.0 4.786979415988511E-4
8.0 10.05 4.0 4.786979415988511E-4
8.0 2.0 2.0 0.003829583532790809
8.0 2.0 3.0 9.573958831977022E-4
8.0 2.0 4.0 4.786979415988511E-4
8.0 3.0 1.0 0.0014360938247965534
8.0 4.0 10.05 4.786979415988511E-4
8.0 4.0 2.0 0.0023934897079942556
8.0 4.0 4.0 0.0014360938247965534
8.0 8.0 4.0 4.786979415988511E-4
