0 0 0 0.003350885591191958
0 0 1 0.009573958831977022
0 0 10 0.003350885591191958
0 0 3 0.0028721876495931067
0 0 5 0.00430828147438966
0 0 7 0.0014360938247965534
0 0 8 0.0014360938247965534
0 1 0 0.01675442795595979
0 1 1 0.00430828147438966
0 1 10 0.0019147917663954045
0 1 3 0.018669219722355194
0 1 4 4.786979415988511E-4
0 1 5 0.004786979415988511
0 1 8 0.003829583532790809
0 10 0 0.004786979415988511
0 10 1 0.0014360938247965534
0 10 10 0.0028721876495931067
0 10 3 0.0014360938247965534
0 10 5 0.0014360938247965534
0 10 7 0.004786979415988511
0 10 8 0.022498803255146003
0 3 0 0.006223073240785065
0 3 1 0.006223073240785065
0 3 10 4.786979415988511E-4
0 3 3 0.00430828147438966
0 3 4 9.573958831977022E-4
0 3 5 0.0057443752991862135
0 3 7 4.786979415988511E-4
0 3 8 4.786979415988511E-4
0 5 0 0.0019147917663954045
0 5 1 9.573958831977022E-4
0 5 10 0.0019147917663954045
0 5 3 0.004786979415988511
0 5 5 0.004786979415988511
0 5 7 9.573958831977022E-4
0 5 8 0.0028721876495931067
0 7 0 4.786979415988511E-4
0 7 3 0.0019147917663954045
0 7 5 0.0014360938247965534
0 7 7 4.786979415988511E-4
0 7 8 0.007180469123982767
0 8 0 0.0028721876495931067
0 8 10 0.0023934897079942556
0 8 3 4.786979415988511E-4
0 8 5 9.573958831977022E-4
0 8 7 0.003350885591191958
0 8 8 0.0019147917663954045
1 0 0 0.006701771182383916
1 0 1 0.009095260890378171
1 0 10 0.01292484442316898
1 0 3 0.00861656294877932
1 0 5 0.003829583532790809
1 0 7 9.573958831977022E-4
1 0 8 9.573958831977022E-4
1 1 0 9.573958831977022E-4
1 1 3 0.00430828147438966
1 1 5 4.786979415988511E-4
1 1 8 4.786979415988511E-4
1 10 0 0.0028721876495931067
1 10 1 4.786979415988511E-4
1 10 10 4.786979415988511E-4
1 10 3 4.786979415988511E-4
1 10 8 4.786979415988511E-4
1 11 0 4.786979415988511E-4
1 11 10 9.573958831977022E-4
1 11 11 4.786979415988511E-4
1 3 0 0.004786979415988511
1 3 1 0.00430828147438966
1 3 10 0.0019147917663954045
1 3 3 9.573958831977022E-4
1 3 4 0.0028721876495931067
1 3 5 0.013403542364767831
1 3 6 4.786979415988511E-4
1 3 7 4.786979415988511E-4
1 3 8 9.573958831977022E-4
1 4 3 4.786979415988511E-4
1 5 0 9.573958831977022E-4
1 5 1 4.786979415988511E-4
1 5 3 0.00430828147438966
1 5 5 4.786979415988511E-4
1 5 8 0.0014360938247965534
1 8 0 4.786979415988511E-4
1 8 10 0.0019147917663954045
1 8 3 0.0023934897079942556
1 8 7 9.573958831977022E-4
1 8 8 9.573958831977022E-4
1 8 9 4.786979415988511E-4
10 0 0 0.006701771182383916
10 0 1 0.008137865007180469
10 0 10 0.009095260890378171
10 0 3 0.0057443752991862135
10 0 5 0.003350885591191958
10 0 7 0.0023934897079942556
10 0 8 0.0019147917663954045
10 1 0 0.005265677357587362
10 1 10 0.0014360938247965534
10 1 11 4.786979415988511E-4
10 1 3 4.786979415988511E-4
10 1 8 9.573958831977022E-4
10 10 0 0.00430828147438966
10 10 1 9.573958831977022E-4
10 10 10 4.786979415988511E-4
10 10 11 4.786979415988511E-4
10 10 3 4.786979415988511E-4
10 10 5 0.0023934897079942556
10 10 7 4.786979415988511E-4
10 10 8 9.573958831977022E-4
10 11 10 4.786979415988511E-4
10 11 8 4.786979415988511E-4
10 3 0 0.004786979415988511
10 3 1 0.0014360938247965534
10 3 10 0.0014360938247965534
10 3 3 4.786979415988511E-4
10 3 5 4.786979415988511E-4
10 3 7 4.786979415988511E-4
10 3 8 9.573958831977022E-4
10 5 0 0.0023934897079942556
10 5 10 4.786979415988511E-4
10 5 3 0.0014360938247965534
10 5 5 0.0019147917663954045
10 5 7 9.573958831977022E-4
10 5 8 4.786979415988511E-4
10 7 5 0.0023934897079942556
10 7 8 0.011488750598372427
10 8 0 0.0057443752991862135
10 8 1 4.786979415988511E-4
10 8 10 0.00861656294877932
10 8 11 4.786979415988511E-4
10 8 3 0.004786979415988511
10 8 5 0.0023934897079942556
10 8 6 4.786979415988511E-4
10 8 7 0.019147917663954045
10 8 8 0.004786979415988511
11 0 0 4.786979415988511E-4
11 10 10 4.786979415988511E-4
11 10 3 0.0014360938247965534
11 10 8 4.786979415988511E-4
11 11 10 4.786979415988511E-4
11 8 6 4.786979415988511E-4
3 0 0 0.003350885591191958
3 0 1 0.015318334131163236
3 0 10 0.00430828147438966
3 0 3 9.573958831977022E-4
3 0 5 0.003350885591191958
3 0 7 0.0028721876495931067
3 1 0 0.019147917663954045
3 1 1 9.573958831977022E-4
3 1 10 0.0014360938247965534
3 1 11 0.0014360938247965534
3 1 3 0.005265677357587362
3 1 5 0.0023934897079942556
3 1 8 0.0014360938247965534
3 10 0 0.0014360938247965534
3 10 1 9.573958831977022E-4
3 10 10 0.0014360938247965534
3 10 3 9.573958831977022E-4
3 10 5 4.786979415988511E-4
3 10 7 4.786979415988511E-4
3 10 8 0.003350885591191958
3 3 0 0.003350885591191958
3 3 1 0.003350885591191958
3 3 10 0.0014360938247965534
3 3 3 0.0019147917663954045
3 3 4 0.0014360938247965534
3 3 5 0.003829583532790809
3 3 7 4.786979415988511E-4
3 3 8 0.0014360938247965534
3 4 1 4.786979415988511E-4
3 4 3 0.004786979415988511
3 4 6 9.573958831977022E-4
3 4 8 9.573958831977022E-4
3 5 0 0.006223073240785065
3 5 1 4.786979415988511E-4
3 5 10 0.0023934897079942556
3 5 3 0.011010052656773576
3 5 5 0.0028721876495931067
3 5 7 0.008137865007180469
3 5 8 0.006701771182383916
3 6 5 4.786979415988511E-4
3 7 0 9.573958831977022E-4
3 7 10 0.0023934897079942556
3 7 8 0.003350885591191958
3 8 0 0.0019147917663954045
3 8 1 4.786979415988511E-4
3 8 10 0.0014360938247965534
3 8 3 0.0019147917663954045
3 8 5 0.0014360938247965534
3 8 7 4.786979415988511E-4
3 8 8 0.0023934897079942556
4 1 1 4.786979415988511E-4
4 3 0 0.0014360938247965534
4 3 1 4.786979415988511E-4
4 3 10 9.573958831977022E-4
4 3 3 9.573958831977022E-4
4 3 5 9.573958831977022E-4
4 3 7 4.786979415988511E-4
4 3 8 9.573958831977022E-4
4 5 5 4.786979415988511E-4
4 5 8 4.786979415988511E-4
4 6 4 9.573958831977022E-4
4 8 5 4.786979415988511E-4
4 8 7 4.786979415988511E-4
5 0 0 0.0019147917663954045
5 0 1 0.004786979415988511
5 0 10 0.003829583532790809
5 0 3 0.0028721876495931067
5 0 5 0.0023934897079942556
5 0 7 0.0019147917663954045
5 0 8 0.003350885591191958
5 1 1 4.786979415988511E-4
5 1 3 0.0014360938247965534
5 10 0 0.0014360938247965534
5 10 1 4.786979415988511E-4
5 10 3 0.0014360938247965534
5 10 5 9.573958831977022E-4
5 10 7 0.00430828147438966
5 10 8 0.0023934897079942556
5 3 0 0.0057443752991862135
5 3 1 0.01244614648157013
5 3 10 0.0014360938247965534
5 3 3 0.0023934897079942556
5 3 4 0.0014360938247965534
5 3 5 0.008137865007180469
5 3 7 0.0028721876495931067
5 3 8 0.0028721876495931067
5 5 0 0.0028721876495931067
5 5 10 9.573958831977022E-4
5 5 3 0.0028721876495931067
5 5 5 0.0057443752991862135
5 5 6 9.573958831977022E-4
5 5 7 0.006701771182383916
5 5 8 0.0028721876495931067
5 6 5 9.573958831977022E-4
5 6 8 4.786979415988511E-4
5 7 0 4.786979415988511E-4
5 7 10 0.0023934897079942556
5 7 3 4.786979415988511E-4
5 7 5 0.00430828147438966
5 7 7 9.573958831977022E-4
5 7 8 0.013882240306366683
5 8 0 9.573958831977022E-4
5 8 10 0.0019147917663954045
5 8 3 0.0014360938247965534
5 8 5 0.005265677357587362
5 8 6 0.0014360938247965534
5 8 7 0.0057443752991862135
5 8 8 0.003350885591191958
6 4 3 0.0014360938247965534
6 4 5 9.573958831977022E-4
6 5 0 4.786979415988511E-4
6 5 10 4.786979415988511E-4
6 5 3 4.786979415988511E-4
6 5 5 0.0014360938247965534
6 8 6 4.786979415988511E-4
6 8 8 4.786979415988511E-4
7 0 0 4.786979415988511E-4
7 0 10 4.786979415988511E-4
7 0 3 9.573958831977022E-4
7 0 8 4.786979415988511E-4
7 10 0 0.0023934897079942556
7 10 10 4.786979415988511E-4
7 10 3 0.0014360938247965534
7 10 7 4.786979415988511E-4
7 10 8 0.003829583532790809
7 3 0 4.786979415988511E-4
7 3 1 4.786979415988511E-4
7 3 5 0.0019147917663954045
7 3 8 4.786979415988511E-4
7 5 0 0.005265677357587362
7 5 10 0.0028721876495931067
7 5 3 0.009573958831977022
7 5 5 0.0028721876495931067
7 5 7 0.0019147917663954045
7 5 8 0.0028721876495931067
7 7 7 4.786979415988511E-4
7 7 8 0.003350885591191958
7 8 0 0.007180469123982767
7 8 10 0.02584968884633796
7 8 11 4.786979415988511E-4
7 8 3 0.008137865007180469
7 8 5 0.0014360938247965534
7 8 7 0.00430828147438966
7 8 8 0.005265677357587362
8 0 0 0.003350885591191958
8 0 1 0.003829583532790809
8 0 10 0.005265677357587362
8 0 3 0.0028721876495931067
8 0 5 9.573958831977022E-4
8 0 7 0.0019147917663954045
8 0 8 0.003829583532790809
8 1 0 9.573958831977022E-4
8 1 8 4.786979415988511E-4
8 10 0 0.020105313547151747
8 10 1 0.00430828147438966
8 10 10 0.00430828147438966
8 10 11 4.786979415988511E-4
8 10 3 0.0023934897079942556
8 10 5 0.0023934897079942556
8 10 7 0.003350885591191958
8 10 8 0.01292484442316898
8 11 10 4.786979415988511E-4
8 3 0 0.003350885591191958
8 3 1 0.003350885591191958
8 3 10 0.0014360938247965534
8 3 3 0.0057443752991862135
8 3 4 4.786979415988511E-4
8 3 5 0.003350885591191958
8 3 7 0.0014360938247965534
8 3 8 0.0019147917663954045
8 5 0 9.573958831977022E-4
8 5 10 0.0019147917663954045
8 5 3 0.0028721876495931067
8 5 5 0.0023934897079942556
8 5 6 4.786979415988511E-4
8 5 7 0.003829583532790809
8 5 8 0.0014360938247965534
8 6 4 0.0014360938247965534
8 6 5 0.0014360938247965534
8 6 8 4.786979415988511E-4
8 7 0 4.786979415988511E-4
8 7 10 0.003829583532790809
8 7 3 9.573958831977022E-4
8 7 5 0.01723312589755864
8 7 7 0.0019147917663954045
8 7 8 0.013403542364767831
8 8 0 0.0023934897079942556
8 8 1 4.786979415988511E-4
8 8 10 0.008137865007180469
8 8 3 0.0023934897079942556
8 8 5 0.0019147917663954045
8 8 6 4.786979415988511E-4
8 8 7 0.003350885591191958
8 8 8 0.00430828147438966
8 9 8 4.786979415988511E-4
9 8 0 4.786979415988511E-4
