2089
0 0 0 7
0 0 1 20
0 0 10 7
0 0 3 6
0 0 5 9
0 0 7 3
0 0 8 3
0 1 0 35
0 1 1 9
0 1 10 4
0 1 3 39
0 1 4 1
0 1 5 10
0 1 8 8
0 10 0 10
0 10 1 3
0 10 10 6
0 10 3 3
0 10 5 3
0 10 7 10
0 10 8 47
0 3 0 13
0 3 1 13
0 3 10 1
0 3 3 9
0 3 4 2
0 3 5 12
0 3 7 1
0 3 8 1
0 5 0 4
0 5 1 2
0 5 10 4
0 5 3 10
0 5 5 10
0 5 7 2
0 5 8 6
0 7 0 1
0 7 3 4
0 7 5 3
0 7 7 1
0 7 8 15
0 8 0 6
0 8 10 5
0 8 3 1
0 8 5 2
0 8 7 7
0 8 8 4
1 0 0 14
1 0 1 19
1 0 10 27
1 0 3 18
1 0 5 8
1 0 7 2
1 0 8 2
1 1 0 2
1 1 3 9
1 1 5 1
1 1 8 1
1 10 0 6
1 10 1 1
1 10 10 1
1 10 3 1
1 10 8 1
1 11 0 1
1 11 10 2
1 11 11 1
1 3 0 10
1 3 1 9
1 3 10 4
1 3 3 2
1 3 4 6
1 3 5 28
1 3 6 1
1 3 7 1
1 3 8 2
1 4 3 1
1 5 0 2
1 5 1 1
1 5 3 9
1 5 5 1
1 5 8 3
1 8 0 1
1 8 10 4
1 8 3 5
1 8 7 2
1 8 8 2
1 8 9 1
10 0 0 14
10 0 1 17
10 0 10 19
10 0 3 12
10 0 5 7
10 0 7 5
10 0 8 4
10 1 0 11
10 1 10 3
10 1 11 1
10 1 3 1
10 1 8 2
10 10 0 9
10 10 1 2
10 10 10 1
10 10 11 1
10 10 3 1
10 10 5 5
10 10 7 1
10 10 8 2
10 11 10 1
10 11 8 1
10 3 0 10
10 3 1 3
10 3 10 3
10 3 3 1
10 3 5 1
10 3 7 1
10 3 8 2
10 5 0 5
10 5 10 1
10 5 3 3
10 5 5 4
10 5 7 2
10 5 8 1
10 7 5 5
10 7 8 24
10 8 0 12
10 8 1 1
10 8 10 18
10 8 11 1
10 8 3 10
10 8 5 5
10 8 6 1
10 8 7 40
10 8 8 10
11 0 0 1
11 10 10 1
11 10 3 3
11 10 8 1
11 11 10 1
11 8 6 1
3 0 0 7
3 0 1 32
3 0 10 9
3 0 3 2
3 0 5 7
3 0 7 6
3 1 0 40
3 1 1 2
3 1 10 3
3 1 11 3
3 1 3 11
3 1 5 5
3 1 8 3
3 10 0 3
3 10 1 2
3 10 10 3
3 10 3 2
3 10 5 1
3 10 7 1
3 10 8 7
3 3 0 7
3 3 1 7
3 3 10 3
3 3 3 4
3 3 4 3
3 3 5 8
3 3 7 1
3 3 8 3
3 4 1 1
3 4 3 10
3 4 6 2
3 4 8 2
3 5 0 13
3 5 1 1
3 5 10 5
3 5 3 23
3 5 5 6
3 5 7 17
3 5 8 14
3 6 5 1
3 7 0 2
3 7 10 5
3 7 8 7
3 8 0 4
3 8 1 1
3 8 10 3
3 8 3 4
3 8 5 3
3 8 7 1
3 8 8 5
4 1 1 1
4 3 0 3
4 3 1 1
4 3 10 2
4 3 3 2
4 3 5 2
4 3 7 1
4 3 8 2
4 5 5 1
4 5 8 1
4 6 4 2
4 8 5 1
4 8 7 1
5 0 0 4
5 0 1 10
5 0 10 8
5 0 3 6
5 0 5 5
5 0 7 4
5 0 8 7
5 1 1 1
5 1 3 3
5 10 0 3
5 10 1 1
5 10 3 3
5 10 5 2
5 10 7 9
5 10 8 5
5 3 0 12
5 3 1 26
5 3 10 3
5 3 3 5
5 3 4 3
5 3 5 17
5 3 7 6
5 3 8 6
5 5 0 6
5 5 10 2
5 5 3 6
5 5 5 12
5 5 6 2
5 5 7 14
5 5 8 6
5 6 5 2
5 6 8 1
5 7 0 1
5 7 10 5
5 7 3 1
5 7 5 9
5 7 7 2
5 7 8 29
5 8 0 2
5 8 10 4
5 8 3 3
5 8 5 11
5 8 6 3
5 8 7 12
5 8 8 7
6 4 3 3
6 4 5 2
6 5 0 1
6 5 10 1
6 5 3 1
6 5 5 3
6 8 6 1
6 8 8 1
7 0 0 1
7 0 10 1
7 0 3 2
7 0 8 1
7 10 0 5
7 10 10 1
7 10 3 3
7 10 7 1
7 10 8 8
7 3 0 1
7 3 1 1
7 3 5 4
7 3 8 1
7 5 0 11
7 5 10 6
7 5 3 20
7 5 5 6
7 5 7 4
7 5 8 6
7 7 7 1
7 7 8 7
7 8 0 15
7 8 10 54
7 8 11 1
7 8 3 17
7 8 5 3
7 8 7 9
7 8 8 11
8 0 0 7
8 0 1 8
8 0 10 11
8 0 3 6
8 0 5 2
8 0 7 4
8 0 8 8
8 1 0 2
8 1 8 1
8 10 0 42
8 10 1 9
8 10 10 9
8 10 11 1
8 10 3 5
8 10 5 5
8 10 7 7
8 10 8 27
8 11 10 1
8 3 0 7
8 3 1 7
8 3 10 3
8 3 3 12
8 3 4 1
8 3 5 7
8 3 7 3
8 3 8 4
8 5 0 2
8 5 10 4
8 5 3 6
8 5 5 5
8 5 6 1
8 5 7 8
8 5 8 3
8 6 4 3
8 6 5 3
8 6 8 1
8 7 0 1
8 7 10 8
8 7 3 2
8 7 5 36
8 7 7 4
8 7 8 28
8 8 0 5
8 8 1 1
8 8 10 17
8 8 3 5
8 8 5 4
8 8 6 1
8 8 7 7
8 8 8 9
8 9 8 1
9 8 0 1
