2089
0.5 0.5 1.0 9
0.5 0.5 2.0 4
0.5 0.5 4.0 2
0.5 1.0 0.5 3
0.5 1.0 1.0 24
0.5 1.0 2.0 1
0.5 1.5 0.5 2
0.5 2.0 2.0 1
0.5 2.0 4.0 4
0.5 2.0 8.0 1
0.5 3.0 1.0 1
0.5 4.0 2.0 2
0.5 4.0 3.0 1
0.5 4.0 4.0 1
1.0 0.5 0.5 7
1.0 1.0 0.5 4
1.0 1.0 1.0 52
1.0 1.0 1.5 3
1.0 1.0 2.0 61
1.0 1.0 3.0 9
1.0 1.0 4.0 19
1.0 1.0 6.0 1
1.0 1.5 0.5 7
1.0 10.05 4.0 2
1.0 2.0 0.5 2
1.0 2.0 1.0 17
1.0 2.0 1.5 5
1.0 2.0 10.05 1
1.0 2.0 12.0 1
1.0 2.0 2.0 108
1.0 2.0 3.0 21
1.0 2.0 3.2 2
1.0 2.0 4.0 36
1.0 2.0 6.0 1
1.0 2.0 8.0 4
1.0 3.0 0.5 4
1.0 3.0 1.0 16
1.0 4.0 1.0 3
1.0 4.0 1.5 1
1.0 4.0 10.05 1
1.0 4.0 2.0 50
1.0 4.0 3.0 4
1.0 4.0 4.0 20
1.0 4.0 6.0 1
1.0 4.0 8.0 3
1.0 6.0 2.0 2
1.0 8.0 2.0 1
1.0 8.0 3.0 1
1.5 0.5 1.0 19
1.5 0.5 1.5 2
1.5 0.5 2.0 2
1.5 0.5 3.0 1
1.5 0.5 4.0 2
10.05 2.0 2.0 1
10.05 4.0 2.0 7
12.0 4.0 2.0 1
2.0 0.5 0.5 2
2.0 1.0 1.0 44
2.0 1.0 1.5 2
2.0 1.0 10.05 1
2.0 1.0 2.0 12
2.0 1.0 3.0 1
2.0 1.0 4.0 1
2.0 1.0 8.0 1
2.0 1.5 0.5 16
2.0 10.05 2.0 1
2.0 10.05 4.0 2
2.0 12.0 4.0 1
2.0 2.0 1.0 41
2.0 2.0 1.5 5
2.0 2.0 10.05 1
2.0 2.0 12.0 1
2.0 2.0 2.0 185
2.0 2.0 3.0 102
2.0 2.0 4.0 73
2.0 2.0 6.0 5
2.0 2.0 8.0 5
2.0 3.0 0.5 2
2.0 3.0 1.0 176
2.0 3.2 2.0 1
2.0 3.2 4.0 1
2.0 4.0 2.0 97
2.0 4.0 3.0 9
2.0 4.0 4.0 62
2.0 4.0 6.0 1
2.0 4.0 8.0 6
2.0 6.0 2.0 9
2.0 8.0 2.0 5
2.0 8.0 3.0 1
2.0 8.0 4.0 6
2.0 8.0 8.0 1
3.0 0.5 0.5 6
3.0 1.0 1.0 24
3.0 1.0 1.5 2
3.0 1.0 10.05 1
3.0 1.0 2.0 123
3.0 1.0 3.0 10
3.0 1.0 4.0 63
3.0 1.0 6.0 1
3.0 1.0 8.0 1
3.2 2.0 3.0 1
3.2 4.0 2.0 1
4.0 1.0 1.0 3
4.0 1.0 2.0 1
4.0 1.5 0.5 1
4.0 10.05 4.0 2
4.0 2.0 1.0 4
4.0 2.0 1.5 6
4.0 2.0 10.05 1
4.0 2.0 12.0 1
4.0 2.0 2.0 113
4.0 2.0 3.0 48
4.0 2.0 4.0 56
4.0 2.0 6.0 2
4.0 2.0 8.0 2
4.0 3.0 1.0 29
4.0 4.0 1.0 1
4.0 4.0 12.0 1
4.0 4.0 2.0 68
4.0 4.0 3.0 14
4.0 4.0 4.0 9
4.0 4.0 6.0 1
4.0 4.0 8.0 1
4.0 6.0 2.0 2
4.0 6.0 4.0 1
4.0 8.0 10.05 1
4.0 8.0 12.0 1
4.0 8.0 2.0 5
4.0 8.0 3.0 1
4.0 8.0 4.0 2
6.0 2.0 2.0 2
6.0 2.0 3.0 4
6.0 2.0 4.0 5
6.0 2.0 6.0 1
6.0 2.0 8.0 1
6.0 4.0 3.0 1
8.0 10.05 4.0 1
8.0 2.0 2.0 8
8.0 2.0 3.0 2
8.0 2.0 4.0 1
8.0 3.0 1.0 3
8.0 4.0 10.05 1
8.0 4.0 2.0 5
8.0 4.0 4.0 3
8.0 8.0 4.0 1
