0 0 2.5445748588836126
0 1 3.102320580593137
0 10 2.5445748588836126
0 11 0.03135919720455156
0 2 0.43006899023385
0 3 1.294686856016486
0 4 0.055998566436699225
0 5 1.1468506406235999
0 6 0.19039512588477736
0 7 0.5308664098199086
0 8 1.3484454797957173
0 9 0.1075172475584625
1 0 2.8738464295314037
1 1 1.2521279455245944
1 10 0.7951796434011289
1 11 0.4233491622614461
1 2 0.06271839440910312
1 3 2.784248723232685
1 4 0.21951438043186097
1 5 1.1222112713914525
1 6 0.17919541259743751
1 7 0.20383478182958514
1 8 0.6943822238150704
1 9 0.14111638742048202
10 0 3.1381596631126247
10 1 1.0662127049547532
10 10 2.2847415106173283
10 11 0.649583370665711
10 2 0.18143535525490548
10 3 0.642863542693307
10 4 0.14111638742048202
10 5 1.294686856016486
10 6 0.3718304811396828
10 7 0.577905205626736
10 8 3.1627990323447723
10 9 0.19263506854224532
11 0 0.04703879580682734
11 1 0.36287071050981096
11 10 0.7615805035391094
11 11 0.23295403637666875
11 2 0.03807902517695547
11 3 0.21055460980198906
11 4 0.011199713287339845
11 5 0.05823850909416719
11 6 0.02015948391721172
11 7 0.03359913986201953
11 8 0.17471552728250156
11 9 0.215034495116925
2 0 0.1948750111997133
2 1 0.08063793566884687
2 10 0.16575575665262968
2 11 0.017919541259743748
2 2 0.39870979302929843
2 3 0.7638204461965774
2 4 0.04927873846429532
2 5 0.23071409371920082
2 6 0.02015948391721172
2 7 0.05823850909416719
2 8 0.07839799301137891
2 9 0.03359913986201953
3 0 0.864617865782636
3 1 2.5826538840605684
3 10 1.1132515007615804
3 11 0.22623420840426484
3 2 0.49726726995788906
3 3 1.9756294238867484
3 4 0.5196666965325687
3 5 3.326314846339934
3 6 0.48382761401308133
3 7 0.7100618224173462
3 8 0.6383836573783711
3 9 0.11423707553086641
4 0 0.055998566436699225
4 1 0.15455604336528983
4 10 0.08959770629871876
4 11 0.004479885314935937
4 2 0.02239942657467969
4 3 0.7055819371024101
4 4 0.11647701818833438
4 5 0.11423707553086641
4 6 0.12543678881820625
4 7 0.08063793566884687
4 8 0.1500761580503539
5 0 1.7359555595376757
5 1 0.940775916136547
5 10 0.866857808440104
5 11 0.1075172475584625
5 2 0.22623420840426484
5 3 2.6050533106352476
5 4 0.05823850909416719
5 5 2.8604067735865963
5 6 1.7023564196756564
5 7 2.1884239763462054
5 8 1.4178837021772244
5 9 0.05375862377923125
6 0 0.12095690350327033
6 1 0.3247916853328555
6 10 0.4233491622614461
6 11 0.013439655944807812
6 2 0.026879311889615624
6 3 0.3875100797419586
6 4 0.19039512588477736
6 5 1.6889167637308484
6 6 0.3718304811396828
6 7 0.008959770629871874
6 8 1.29020697070155
6 9 0.10527730490099453
7 0 0.28671266015589997
7 1 0.2508735776364125
7 10 0.857898037810232
7 11 0.03807902517695547
7 2 0.12991667413314217
7 3 0.577905205626736
7 4 0.08959770629871876
7 5 1.5590000895977063
7 6 0.04255891049189141
7 7 0.8959770629871876
7 8 2.8783263148463396
7 9 0.14335633007794998
8 0 1.4022041035749484
8 1 0.4883074993280172
8 10 3.5279096855120513
8 11 0.2463936923214766
8 2 0.06719827972403906
8 3 1.057252934324881
8 4 0.15455604336528983
8 5 1.285727085386614
8 6 1.299166741331422
8 7 2.3967386434907265
8 8 1.8748320043006899
8 9 0.37631036645461874
9 0 0.07615805035391093
9 1 0.14111638742048202
9 10 0.26879311889615626
9 11 0.17695546993996952
9 2 0.011199713287339845
9 3 0.04479885314935938
9 4 0.013439655944807812
9 5 0.06719827972403906
9 6 0.1500761580503539
9 7 0.060478451751635166
9 8 0.4703879580682735
9 9 0.1635158139951617
