44644
0.03 0.03 23
0.05 0.05 2
0.05 0.06 1
0.05 0.18 1
0.05 0.5 1
0.06 0.05 1
0.06 0.06 22
0.06 0.07 85
0.06 0.12 1
0.07 0.06 54
0.07 0.07 1
0.07 0.08 27
0.07 0.12 1
0.07 0.13 1
0.07 0.25 3
0.07 1.0 1
0.08 0.06 1
0.08 0.08 60
0.08 0.13 5
0.08 0.17 2
0.08 0.25 2
0.08 0.5 22
0.11 0.14 2
0.12 0.06 1
0.12 0.12 9
0.12 0.13 2
0.12 0.25 5
0.12 0.33 1
0.12 0.5 1
0.12 0.6 1
0.12 1.25 1
0.13 0.11 1
0.13 0.12 1
0.13 0.13 528
0.13 0.25 247
0.13 0.33 9
0.13 0.36 1
0.13 0.4 2
0.13 0.48 2
0.13 0.5 21
0.13 0.67 2
0.13 0.75 2
0.13 0.94 1
0.13 1.0 11
0.13 1.75 1
0.13 3.98 1
0.14 0.13 4
0.17 0.07 1
0.17 0.13 1
0.17 0.17 4
0.17 0.25 3
0.17 0.33 1
0.17 0.48 1
0.17 0.5 3
0.17 3.0 1
0.18 0.05 1
0.2 0.2 3
0.2 0.25 41
0.2 0.4 6
0.2 0.5 17
0.2 0.6 1
0.2 0.8 4
0.2 1.6 1
0.2 2.5 1
0.2 5.2 1
0.23 0.23 2
0.23 0.24 1
0.23 0.25 5
0.23 0.5 6
0.23 0.98 3
0.23 1.0 1
0.24 0.25 23
0.24 0.5 1
0.24 0.75 2
0.24 7.0 1
0.25 0.05 1
0.25 0.06 9
0.25 0.08 3
0.25 0.11 1
0.25 0.12 5
0.25 0.13 189
0.25 0.17 5
0.25 0.2 48
0.25 0.23 10
0.25 0.24 25
0.25 0.25 16374
0.25 0.26 2
0.25 0.33 62
0.25 0.35 1
0.25 0.4 20
0.25 0.47 1
0.25 0.48 10
0.25 0.49 14
0.25 0.5 1853
0.25 0.52 1
0.25 0.67 287
0.25 0.71 2
0.25 0.73 2
0.25 0.75 222
0.25 0.8 4
0.25 0.94 2
0.25 0.98 52
0.25 0.99 23
0.25 1.0 200
0.25 1.07 1
0.25 1.21 1
0.25 1.25 58
0.25 1.33 2
0.25 1.5 85
0.25 1.6 1
0.25 1.75 3
0.25 11.75 2
0.25 14.75 1
0.25 2.0 2
0.25 2.25 3
0.25 2.5 3
0.25 2.67 1
0.25 3.0 11
0.25 3.5 1
0.25 4.0 3
0.25 5.0 2
0.25 5.17 1
0.25 6.0 2
0.25 6.5 4
0.25 6.67 2
0.25 6.75 1
0.25 6.98 2
0.25 7.25 1
0.25 7.52 1
0.26 0.24 1
0.26 0.25 1
0.26 0.43 1
0.31 0.25 1
0.33 0.13 1
0.33 0.17 1
0.33 0.25 149
0.33 0.33 260
0.33 0.48 1
0.33 0.5 321
0.33 0.67 14
0.33 0.75 3
0.33 0.98 1
0.33 1.0 12
0.33 1.33 2
0.33 1.5 6
0.33 1.98 2
0.33 2.0 9
0.33 2.33 2
0.33 2.75 1
0.33 3.0 4
0.33 3.33 2
0.33 4.67 1
0.33 4.75 1
0.33 8.25 1
0.35 0.4 1
0.36 0.5 1
0.4 0.03 1
0.4 0.13 1
0.4 0.2 1
0.4 0.25 16
0.4 0.4 301
0.4 0.5 153
0.4 0.94 3
0.4 1.0 2
0.4 1.25 1
0.4 1.4 1
0.4 1.5 2
0.4 1.55 1
0.4 1.6 1
0.4 2.0 2
0.43 0.25 1
0.47 0.4 1
0.48 0.13 1
0.48 0.23 1
0.48 0.25 161
0.48 0.33 6
0.48 0.48 5
0.48 0.5 64
0.48 0.67 3
0.48 0.75 2
0.48 0.98 2
0.48 1.0 17
0.48 1.25 1
0.48 2.0 9
0.48 2.48 1
0.49 0.25 45
0.49 0.5 97
0.49 0.75 1
0.49 0.99 1
0.49 1.99 2
0.49 6.5 1
0.5 0.06 20
0.5 0.07 1
0.5 0.13 20
0.5 0.17 2
0.5 0.2 12
0.5 0.23 4
0.5 0.25 1688
0.5 0.31 1
0.5 0.33 422
0.5 0.4 140
0.5 0.48 250
0.5 0.49 132
0.5 0.5 11412
0.5 0.54 3
0.5 0.6 1
0.5 0.67 233
0.5 0.75 93
0.5 0.8 11
0.5 0.94 3
0.5 0.98 133
0.5 0.99 8
0.5 1.0 1112
0.5 1.2 4
0.5 1.25 33
0.5 1.33 24
0.5 1.4 1
0.5 1.48 6
0.5 1.5 91
0.5 1.6 17
0.5 1.75 6
0.5 1.98 26
0.5 1.99 6
0.5 16.4 1
0.5 2.0 194
0.5 2.25 1
0.5 2.4 2
0.5 2.5 43
0.5 2.8 1
0.5 2.98 1
0.5 26.0 1
0.5 3.0 45
0.5 3.2 4
0.5 3.5 8
0.5 3.6 3
0.5 3.98 4
0.5 4.0 12
0.5 4.5 2
0.5 5.0 4
0.5 5.2 1
0.5 6.25 1
0.5 6.5 1
0.5 7.0 1
0.5 7.5 5
0.5 8.5 1
0.52 0.25 1
0.54 0.5 3
0.6 0.25 1
0.6 0.5 1
0.6 1.6 1
0.63 0.13 2
0.67 0.13 44
0.67 0.25 60
0.67 0.33 4
0.67 0.5 403
0.67 0.67 191
0.67 0.75 1
0.67 1.0 20
0.67 1.25 3
0.67 1.5 2
0.67 1.98 2
0.67 2.0 1
0.67 6.33 2
0.67 6.48 2
0.73 0.14 2
0.73 0.48 1
0.75 0.08 2
0.75 0.12 1
0.75 0.13 27
0.75 0.24 1
0.75 0.25 305
0.75 0.26 1
0.75 0.5 9
0.75 0.63 2
0.75 0.75 21
0.75 1.0 4
0.75 1.25 7
0.8 0.2 11
0.8 0.4 2
0.8 0.5 8
0.8 1.0 2
0.8 1.6 1
0.87 0.12 1
0.94 0.06 1
0.94 0.13 1
0.94 0.5 7
0.94 0.87 1
0.98 0.25 27
0.98 0.33 1
0.98 0.48 3
0.98 0.5 158
0.98 0.67 7
0.98 0.73 1
0.98 0.98 9
0.98 1.0 20
0.98 1.48 1
0.98 1.5 2
0.98 1.98 1
0.98 2.0 2
0.98 3.0 1
0.98 5.0 1
0.99 0.25 22
0.99 0.5 24
0.99 0.99 18
0.99 1.99 2
1.0 0.25 134
1.0 0.4 7
1.0 0.48 2
1.0 0.49 2
1.0 0.5 1127
1.0 0.67 3
1.0 0.75 19
1.0 0.8 3
1.0 0.94 1
1.0 0.98 19
1.0 0.99 16
1.0 1.0 975
1.0 1.2 1
1.0 1.25 7
1.0 1.48 1
1.0 1.5 99
1.0 1.6 12
1.0 1.98 3
1.0 1.99 5
1.0 2.0 144
1.0 2.4 3
1.0 2.5 6
1.0 2.8 2
1.0 3.0 24
1.0 3.2 1
1.0 3.6 3
1.0 3.98 1
1.0 4.0 7
1.0 4.5 1
1.0 5.0 2
1.0 5.98 1
1.0 7.0 1
1.0 7.8 1
1.0 9.5 1
1.07 0.25 1
1.2 0.5 6
1.2 1.0 1
1.21 0.25 1
1.25 0.25 101
1.25 0.5 1
1.25 0.75 6
1.25 1.25 1
1.33 0.25 3
1.33 0.33 7
1.33 1.0 6
1.33 1.5 1
1.33 12.0 3
1.33 2.0 9
1.4 0.4 1
1.4 0.5 1
1.48 0.13 1
1.48 0.23 1
1.48 0.5 9
1.5 0.12 1
1.5 0.25 112
1.5 0.5 188
1.5 0.75 2
1.5 0.98 8
1.5 1.0 20
1.5 1.5 13
1.5 2.0 5
1.5 2.5 4
1.5 3.0 3
1.55 0.5 1
1.6 0.4 2
1.6 0.5 9
1.6 0.8 1
1.6 1.0 2
1.6 1.2 1
1.6 1.6 6
1.6 1.8 3
1.6 2.0 2
1.6 2.4 1
1.6 2.5 4
1.6 3.0 1
1.6 3.1 1
1.6 3.2 4
1.6 3.6 2
1.6 4.4 1
1.6 4.5 1
1.6 5.1 1
1.75 0.13 2
1.75 0.25 9
1.8 1.0 1
1.8 2.0 1
1.98 0.25 4
1.98 0.33 1
1.98 0.5 11
1.98 0.99 7
1.98 1.0 10
1.98 1.98 2
1.98 2.0 21
1.98 6.25 1
1.99 0.25 2
1.99 0.5 3
1.99 1.0 9
1.99 2.0 1
10.0 0.33 3
11.25 0.25 1
11.75 0.25 1
11.75 0.5 1
12.0 1.0 3
12.0 1.5 3
14.25 0.25 1
14.75 0.25 1
16.4 0.5 1
19.75 0.25 1
2.0 0.25 4
2.0 0.33 10
2.0 0.5 130
2.0 0.67 1
2.0 0.75 3
2.0 0.8 1
2.0 0.98 1
2.0 0.99 5
2.0 1.0 151
2.0 1.5 50
2.0 1.98 21
2.0 10.0 3
2.0 12.0 3
2.0 2.0 169
2.0 2.5 2
2.0 2.98 1
2.0 22.0 1
2.0 3.0 1
2.0 3.5 1
2.0 3.98 9
2.0 4.0 28
2.0 6.0 2
2.0 9.0 1
2.25 0.25 3
2.25 0.5 1
2.33 0.33 2
2.4 0.4 1
2.4 0.5 2
2.4 1.0 3
2.48 1.0 1
2.5 0.25 6
2.5 0.5 54
2.5 0.75 3
2.5 2.5 3
2.67 0.25 1
2.75 0.25 1
2.8 0.5 1
2.8 1.0 1
2.8 1.6 1
2.98 2.0 4
2.98 3.0 1
22.0 0.5 1
23.98 1.0 1
26.0 0.5 1
3.0 0.25 3
3.0 0.33 1
3.0 0.5 35
3.0 0.98 3
3.0 1.0 11
3.0 1.48 3
3.0 14.25 1
3.0 2.0 18
3.0 2.98 2
3.0 3.0 41
3.0 5.0 1
3.0 5.5 1
3.0 6.0 2
3.0 6.25 2
3.1 0.5 1
3.2 0.4 3
3.2 0.5 4
3.2 1.0 1
3.2 3.6 1
3.2 5.1 1
3.33 0.33 2
3.5 0.25 1
3.5 0.5 9
3.6 0.5 3
3.6 1.0 4
3.6 3.9 1
3.67 1.33 1
3.9 1.0 1
3.98 0.25 5
3.98 0.5 2
3.98 1.0 18
3.98 2.0 1
4.0 0.12 1
4.0 0.25 10
4.0 0.5 9
4.0 0.75 2
4.0 0.99 1
4.0 1.0 8
4.0 2.0 5
4.0 3.98 11
4.0 4.0 10
4.0 6.5 1
4.4 1.0 1
4.5 0.4 1
4.5 0.5 3
4.67 0.33 1
4.75 0.25 1
5.0 0.25 1
5.0 0.5 4
5.0 1.0 2
5.0 1.6 1
5.0 1.75 1
5.0 3.67 1
5.1 0.8 1
5.1 2.0 1
5.2 0.25 1
5.2 1.0 1
5.5 0.5 1
5.98 2.0 1
6.0 0.5 1
6.0 1.0 2
6.0 11.25 1
6.0 2.98 1
6.0 23.98 1
6.25 0.25 4
6.33 0.25 2
6.48 0.25 1
6.48 0.5 1
6.5 0.25 4
6.5 0.5 3
6.67 0.5 2
6.75 1.0 1
6.98 0.5 2
7.0 0.25 2
7.0 0.5 1
7.25 0.5 1
7.5 0.25 2
7.5 0.5 4
7.5 19.75 1
7.52 0.17 1
7.8 1.0 1
8.25 0.25 1
8.5 0.25 1
9.0 0.5 1
9.5 0.5 1
