0.03 0.03 0.051518681121763284
0.05 0.05 0.004479885314935937
0.05 0.06 0.0022399426574679685
0.05 0.18 0.0022399426574679685
0.05 0.5 0.0022399426574679685
0.06 0.05 0.0022399426574679685
0.06 0.06 0.04927873846429532
0.06 0.07 0.19039512588477736
0.06 0.12 0.0022399426574679685
0.07 0.06 0.12095690350327033
0.07 0.07 0.0022399426574679685
0.07 0.08 0.060478451751635166
0.07 0.12 0.0022399426574679685
0.07 0.13 0.0022399426574679685
0.07 0.25 0.006719827972403906
0.07 1.0 0.0022399426574679685
0.08 0.06 0.0022399426574679685
0.08 0.08 0.13439655944807813
0.08 0.13 0.011199713287339845
0.08 0.17 0.004479885314935937
0.08 0.25 0.004479885314935937
0.08 0.5 0.04927873846429532
0.11 0.14 0.004479885314935937
0.12 0.06 0.0022399426574679685
0.12 0.12 0.02015948391721172
0.12 0.13 0.004479885314935937
0.12 0.25 0.011199713287339845
0.12 0.33 0.0022399426574679685
0.12 0.5 0.0022399426574679685
0.12 0.6 0.0022399426574679685
0.12 1.25 0.0022399426574679685
0.13 0.11 0.0022399426574679685
0.13 0.12 0.0022399426574679685
0.13 0.13 1.1826897231430875
0.13 0.25 0.5532658363945884
0.13 0.33 0.02015948391721172
0.13 0.36 0.0022399426574679685
0.13 0.4 0.004479885314935937
0.13 0.48 0.004479885314935937
0.13 0.5 0.04703879580682734
0.13 0.67 0.004479885314935937
0.13 0.75 0.004479885314935937
0.13 0.94 0.0022399426574679685
0.13 1.0 0.02463936923214766
0.13 1.75 0.0022399426574679685
0.13 3.98 0.0022399426574679685
0.14 0.13 0.008959770629871874
0.17 0.07 0.0022399426574679685
0.17 0.13 0.0022399426574679685
0.17 0.17 0.008959770629871874
0.17 0.25 0.006719827972403906
0.17 0.33 0.0022399426574679685
0.17 0.48 0.0022399426574679685
0.17 0.5 0.006719827972403906
0.17 3.0 0.0022399426574679685
0.18 0.05 0.0022399426574679685
0.2 0.2 0.006719827972403906
0.2 0.25 0.09183764895618672
0.2 0.4 0.013439655944807812
0.2 0.5 0.03807902517695547
0.2 0.6 0.0022399426574679685
0.2 0.8 0.008959770629871874
0.2 1.6 0.0022399426574679685
0.2 2.5 0.0022399426574679685
0.2 5.2 0.0022399426574679685
0.23 0.23 0.004479885314935937
0.23 0.24 0.0022399426574679685
0.23 0.25 0.011199713287339845
0.23 0.5 0.013439655944807812
0.23 0.98 0.006719827972403906
0.23 1.0 0.0022399426574679685
0.24 0.25 0.051518681121763284
0.24 0.5 0.0022399426574679685
0.24 0.75 0.004479885314935937
0.24 7.0 0.0022399426574679685
0.25 0.05 0.0022399426574679685
0.25 0.06 0.02015948391721172
0.25 0.08 0.006719827972403906
0.25 0.11 0.0022399426574679685
0.25 0.12 0.011199713287339845
0.25 0.13 0.4233491622614461
0.25 0.17 0.011199713287339845
0.25 0.2 0.1075172475584625
0.25 0.23 0.02239942657467969
0.25 0.24 0.055998566436699225
0.25 0.25 36.67682107338052
0.25 0.26 0.004479885314935937
0.25 0.33 0.13887644476301406
0.25 0.35 0.0022399426574679685
0.25 0.4 0.04479885314935938
0.25 0.47 0.0022399426574679685
0.25 0.48 0.02239942657467969
0.25 0.49 0.03135919720455156
0.25 0.5 4.150613744288146
0.25 0.52 0.0022399426574679685
0.25 0.67 0.642863542693307
0.25 0.71 0.004479885314935937
0.25 0.73 0.004479885314935937
0.25 0.75 0.49726726995788906
0.25 0.8 0.008959770629871874
0.25 0.94 0.004479885314935937
0.25 0.98 0.11647701818833438
0.25 0.99 0.051518681121763284
0.25 1.0 0.4479885314935938
0.25 1.07 0.0022399426574679685
0.25 1.21 0.0022399426574679685
0.25 1.25 0.12991667413314217
0.25 1.33 0.004479885314935937
0.25 1.5 0.19039512588477736
0.25 1.6 0.0022399426574679685
0.25 1.75 0.006719827972403906
0.25 11.75 0.004479885314935937
0.25 14.75 0.0022399426574679685
0.25 2.0 0.004479885314935937
0.25 2.25 0.006719827972403906
0.25 2.5 0.006719827972403906
0.25 2.67 0.0022399426574679685
0.25 3.0 0.02463936923214766
0.25 3.5 0.0022399426574679685
0.25 4.0 0.006719827972403906
0.25 5.0 0.004479885314935937
0.25 5.17 0.0022399426574679685
0.25 6.0 0.004479885314935937
0.25 6.5 0.008959770629871874
0.25 6.67 0.004479885314935937
0.25 6.75 0.0022399426574679685
0.25 6.98 0.004479885314935937
0.25 7.25 0.0022399426574679685
0.25 7.52 0.0022399426574679685
0.26 0.24 0.0022399426574679685
0.26 0.25 0.0022399426574679685
0.26 0.43 0.0022399426574679685
0.31 0.25 0.0022399426574679685
0.33 0.13 0.0022399426574679685
0.33 0.17 0.0022399426574679685
0.33 0.25 0.3337514559627274
0.33 0.33 0.5823850909416719
0.33 0.48 0.0022399426574679685
0.33 0.5 0.719021593047218
0.33 0.67 0.03135919720455156
0.33 0.75 0.006719827972403906
0.33 0.98 0.0022399426574679685
0.33 1.0 0.026879311889615624
0.33 1.33 0.004479885314935937
0.33 1.5 0.013439655944807812
0.33 1.98 0.004479885314935937
0.33 2.0 0.02015948391721172
0.33 2.33 0.004479885314935937
0.33 2.75 0.0022399426574679685
0.33 3.0 0.008959770629871874
0.33 3.33 0.004479885314935937
0.33 4.67 0.0022399426574679685
0.33 4.75 0.0022399426574679685
0.33 8.25 0.0022399426574679685
0.35 0.4 0.0022399426574679685
0.36 0.5 0.0022399426574679685
0.4 0.03 0.0022399426574679685
0.4 0.13 0.0022399426574679685
0.4 0.2 0.0022399426574679685
0.4 0.25 0.035839082519487496
0.4 0.4 0.6742227398978586
0.4 0.5 0.3427112265925992
0.4 0.94 0.006719827972403906
0.4 1.0 0.004479885314935937
0.4 1.25 0.0022399426574679685
0.4 1.4 0.0022399426574679685
0.4 1.5 0.004479885314935937
0.4 1.55 0.0022399426574679685
0.4 1.6 0.0022399426574679685
0.4 2.0 0.004479885314935937
0.43 0.25 0.0022399426574679685
0.47 0.4 0.0022399426574679685
0.48 0.13 0.0022399426574679685
0.48 0.23 0.0022399426574679685
0.48 0.25 0.360630767852343
0.48 0.33 0.013439655944807812
0.48 0.48 0.011199713287339845
0.48 0.5 0.14335633007794998
0.48 0.67 0.006719827972403906
0.48 0.75 0.004479885314935937
0.48 0.98 0.004479885314935937
0.48 1.0 0.03807902517695547
0.48 1.25 0.0022399426574679685
0.48 2.0 0.02015948391721172
0.48 2.48 0.0022399426574679685
0.49 0.25 0.1007974195860586
0.49 0.5 0.21727443777439298
0.49 0.75 0.0022399426574679685
0.49 0.99 0.0022399426574679685
0.49 1.99 0.004479885314935937
0.49 6.5 0.0022399426574679685
0.5 0.06 0.04479885314935938
0.5 0.07 0.0022399426574679685
0.5 0.13 0.04479885314935938
0.5 0.17 0.004479885314935937
0.5 0.2 0.026879311889615624
0.5 0.23 0.008959770629871874
0.5 0.25 3.781023205805931
0.5 0.31 0.0022399426574679685
0.5 0.33 0.9452558014514828
0.5 0.4 0.31359197204551564
0.5 0.48 0.5599856643669923
0.5 0.49 0.2956724307857719
0.5 0.5 25.56222560702446
0.5 0.54 0.006719827972403906
0.5 0.6 0.0022399426574679685
0.5 0.67 0.5219066391900368
0.5 0.75 0.20831466714452113
0.5 0.8 0.02463936923214766
0.5 0.94 0.006719827972403906
0.5 0.98 0.29791237344323984
0.5 0.99 0.017919541259743748
0.5 1.0 2.4908162351043814
0.5 1.2 0.008959770629871874
0.5 1.25 0.07391810769644297
0.5 1.33 0.05375862377923125
0.5 1.4 0.0022399426574679685
0.5 1.48 0.013439655944807812
0.5 1.5 0.20383478182958514
0.5 1.6 0.03807902517695547
0.5 1.75 0.013439655944807812
0.5 1.98 0.05823850909416719
0.5 1.99 0.013439655944807812
0.5 16.4 0.0022399426574679685
0.5 2.0 0.43454887554878596
0.5 2.25 0.0022399426574679685
0.5 2.4 0.004479885314935937
0.5 2.5 0.09631753427112266
0.5 2.8 0.0022399426574679685
0.5 2.98 0.0022399426574679685
0.5 26.0 0.0022399426574679685
0.5 3.0 0.1007974195860586
0.5 3.2 0.008959770629871874
0.5 3.5 0.017919541259743748
0.5 3.6 0.006719827972403906
0.5 3.98 0.008959770629871874
0.5 4.0 0.026879311889615624
0.5 4.5 0.004479885314935937
0.5 5.0 0.008959770629871874
0.5 5.2 0.0022399426574679685
0.5 6.25 0.0022399426574679685
0.5 6.5 0.0022399426574679685
0.5 7.0 0.0022399426574679685
0.5 7.5 0.011199713287339845
0.5 8.5 0.0022399426574679685
0.52 0.25 0.0022399426574679685
0.54 0.5 0.006719827972403906
0.6 0.25 0.0022399426574679685
0.6 0.5 0.0022399426574679685
0.6 1.6 0.0022399426574679685
0.63 0.13 0.004479885314935937
0.67 0.13 0.09855747692859064
0.67 0.25 0.13439655944807813
0.67 0.33 0.008959770629871874
0.67 0.5 0.9026968909595914
0.67 0.67 0.427829047576382
0.67 0.75 0.0022399426574679685
0.67 1.0 0.04479885314935938
0.67 1.25 0.006719827972403906
0.67 1.5 0.004479885314935937
0.67 1.98 0.004479885314935937
0.67 2.0 0.0022399426574679685
0.67 6.33 0.004479885314935937
0.67 6.48 0.004479885314935937
0.73 0.14 0.004479885314935937
0.73 0.48 0.0022399426574679685
0.75 0.08 0.004479885314935937
0.75 0.12 0.0022399426574679685
0.75 0.13 0.060478451751635166
0.75 0.24 0.0022399426574679685
0.75 0.25 0.6831825105277305
0.75 0.26 0.0022399426574679685
0.75 0.5 0.02015948391721172
0.75 0.63 0.004479885314935937
0.75 0.75 0.04703879580682734
0.75 1.0 0.008959770629871874
0.75 1.25 0.01567959860227578
0.8 0.2 0.02463936923214766
0.8 0.4 0.004479885314935937
0.8 0.5 0.017919541259743748
0.8 1.0 0.004479885314935937
0.8 1.6 0.0022399426574679685
0.87 0.12 0.0022399426574679685
0.94 0.06 0.0022399426574679685
0.94 0.13 0.0022399426574679685
0.94 0.5 0.01567959860227578
0.94 0.87 0.0022399426574679685
0.98 0.25 0.060478451751635166
0.98 0.33 0.0022399426574679685
0.98 0.48 0.006719827972403906
0.98 0.5 0.35391093987993905
0.98 0.67 0.01567959860227578
0.98 0.73 0.0022399426574679685
0.98 0.98 0.02015948391721172
0.98 1.0 0.04479885314935938
0.98 1.48 0.0022399426574679685
0.98 1.5 0.004479885314935937
0.98 1.98 0.0022399426574679685
0.98 2.0 0.004479885314935937
0.98 3.0 0.0022399426574679685
0.98 5.0 0.0022399426574679685
0.99 0.25 0.04927873846429532
0.99 0.5 0.05375862377923125
0.99 0.99 0.04031896783442344
0.99 1.99 0.004479885314935937
1.0 0.25 0.3001523161007078
1.0 0.4 0.01567959860227578
1.0 0.48 0.004479885314935937
1.0 0.49 0.004479885314935937
1.0 0.5 2.524415374966401
1.0 0.67 0.006719827972403906
1.0 0.75 0.04255891049189141
1.0 0.8 0.006719827972403906
1.0 0.94 0.0022399426574679685
1.0 0.98 0.04255891049189141
1.0 0.99 0.035839082519487496
1.0 1.0 2.1839440910312695
1.0 1.2 0.0022399426574679685
1.0 1.25 0.01567959860227578
1.0 1.48 0.0022399426574679685
1.0 1.5 0.2217543230893289
1.0 1.6 0.026879311889615624
1.0 1.98 0.006719827972403906
1.0 1.99 0.011199713287339845
1.0 2.0 0.3225517426753875
1.0 2.4 0.006719827972403906
1.0 2.5 0.013439655944807812
1.0 2.8 0.004479885314935937
1.0 3.0 0.05375862377923125
1.0 3.2 0.0022399426574679685
1.0 3.6 0.006719827972403906
1.0 3.98 0.0022399426574679685
1.0 4.0 0.01567959860227578
1.0 4.5 0.0022399426574679685
1.0 5.0 0.004479885314935937
1.0 5.98 0.0022399426574679685
1.0 7.0 0.0022399426574679685
1.0 7.8 0.0022399426574679685
1.0 9.5 0.0022399426574679685
1.07 0.25 0.0022399426574679685
1.2 0.5 0.013439655944807812
1.2 1.0 0.0022399426574679685
1.21 0.25 0.0022399426574679685
1.25 0.25 0.22623420840426484
1.25 0.5 0.0022399426574679685
1.25 0.75 0.013439655944807812
1.25 1.25 0.0022399426574679685
1.33 0.25 0.006719827972403906
1.33 0.33 0.01567959860227578
1.33 1.0 0.013439655944807812
1.33 1.5 0.0022399426574679685
1.33 12.0 0.006719827972403906
1.33 2.0 0.02015948391721172
1.4 0.4 0.0022399426574679685
1.4 0.5 0.0022399426574679685
1.48 0.13 0.0022399426574679685
1.48 0.23 0.0022399426574679685
1.48 0.5 0.02015948391721172
1.5 0.12 0.0022399426574679685
1.5 0.25 0.2508735776364125
1.5 0.5 0.4211092196039781
1.5 0.75 0.004479885314935937
1.5 0.98 0.017919541259743748
1.5 1.0 0.04479885314935938
1.5 1.5 0.029119254547083594
1.5 2.0 0.011199713287339845
1.5 2.5 0.008959770629871874
1.5 3.0 0.006719827972403906
1.55 0.5 0.0022399426574679685
1.6 0.4 0.004479885314935937
1.6 0.5 0.02015948391721172
1.6 0.8 0.0022399426574679685
1.6 1.0 0.004479885314935937
1.6 1.2 0.0022399426574679685
1.6 1.6 0.013439655944807812
1.6 1.8 0.006719827972403906
1.6 2.0 0.004479885314935937
1.6 2.4 0.0022399426574679685
1.6 2.5 0.008959770629871874
1.6 3.0 0.0022399426574679685
1.6 3.1 0.0022399426574679685
1.6 3.2 0.008959770629871874
1.6 3.6 0.004479885314935937
1.6 4.4 0.0022399426574679685
1.6 4.5 0.0022399426574679685
1.6 5.1 0.0022399426574679685
1.75 0.13 0.004479885314935937
1.75 0.25 0.02015948391721172
1.8 1.0 0.0022399426574679685
1.8 2.0 0.0022399426574679685
1.98 0.25 0.008959770629871874
1.98 0.33 0.0022399426574679685
1.98 0.5 0.02463936923214766
1.98 0.99 0.01567959860227578
1.98 1.0 0.02239942657467969
1.98 1.98 0.004479885314935937
1.98 2.0 0.04703879580682734
1.98 6.25 0.0022399426574679685
1.99 0.25 0.004479885314935937
1.99 0.5 0.006719827972403906
1.99 1.0 0.02015948391721172
1.99 2.0 0.0022399426574679685
10.0 0.33 0.006719827972403906
11.25 0.25 0.0022399426574679685
11.75 0.25 0.0022399426574679685
11.75 0.5 0.0022399426574679685
12.0 1.0 0.006719827972403906
12.0 1.5 0.006719827972403906
14.25 0.25 0.0022399426574679685
14.75 0.25 0.0022399426574679685
16.4 0.5 0.0022399426574679685
19.75 0.25 0.0022399426574679685
2.0 0.25 0.008959770629871874
2.0 0.33 0.02239942657467969
2.0 0.5 0.29119254547083595
2.0 0.67 0.0022399426574679685
2.0 0.75 0.006719827972403906
2.0 0.8 0.0022399426574679685
2.0 0.98 0.0022399426574679685
2.0 0.99 0.011199713287339845
2.0 1.0 0.3382313412776633
2.0 1.5 0.11199713287339845
2.0 1.98 0.04703879580682734
2.0 10.0 0.006719827972403906
2.0 12.0 0.006719827972403906
2.0 2.0 0.37855030911208676
2.0 2.5 0.004479885314935937
2.0 2.98 0.0022399426574679685
2.0 22.0 0.0022399426574679685
2.0 3.0 0.0022399426574679685
2.0 3.5 0.0022399426574679685
2.0 3.98 0.02015948391721172
2.0 4.0 0.06271839440910312
2.0 6.0 0.004479885314935937
2.0 9.0 0.0022399426574679685
2.25 0.25 0.006719827972403906
2.25 0.5 0.0022399426574679685
2.33 0.33 0.004479885314935937
2.4 0.4 0.0022399426574679685
2.4 0.5 0.004479885314935937
2.4 1.0 0.006719827972403906
2.48 1.0 0.0022399426574679685
2.5 0.25 0.013439655944807812
2.5 0.5 0.12095690350327033
2.5 0.75 0.006719827972403906
2.5 2.5 0.006719827972403906
2.67 0.25 0.0022399426574679685
2.75 0.25 0.0022399426574679685
2.8 0.5 0.0022399426574679685
2.8 1.0 0.0022399426574679685
2.8 1.6 0.0022399426574679685
2.98 2.0 0.008959770629871874
2.98 3.0 0.0022399426574679685
22.0 0.5 0.0022399426574679685
23.98 1.0 0.0022399426574679685
26.0 0.5 0.0022399426574679685
3.0 0.25 0.006719827972403906
3.0 0.33 0.0022399426574679685
3.0 0.5 0.07839799301137891
3.0 0.98 0.006719827972403906
3.0 1.0 0.02463936923214766
3.0 1.48 0.006719827972403906
3.0 14.25 0.0022399426574679685
3.0 2.0 0.04031896783442344
3.0 2.98 0.004479885314935937
3.0 3.0 0.09183764895618672
3.0 5.0 0.0022399426574679685
3.0 5.5 0.0022399426574679685
3.0 6.0 0.004479885314935937
3.0 6.25 0.004479885314935937
3.1 0.5 0.0022399426574679685
3.2 0.4 0.006719827972403906
3.2 0.5 0.008959770629871874
3.2 1.0 0.0022399426574679685
3.2 3.6 0.0022399426574679685
3.2 5.1 0.0022399426574679685
3.33 0.33 0.004479885314935937
3.5 0.25 0.0022399426574679685
3.5 0.5 0.02015948391721172
3.6 0.5 0.006719827972403906
3.6 1.0 0.008959770629871874
3.6 3.9 0.0022399426574679685
3.67 1.33 0.0022399426574679685
3.9 1.0 0.0022399426574679685
3.98 0.25 0.011199713287339845
3.98 0.5 0.004479885314935937
3.98 1.0 0.04031896783442344
3.98 2.0 0.0022399426574679685
4.0 0.12 0.0022399426574679685
4.0 0.25 0.02239942657467969
4.0 0.5 0.02015948391721172
4.0 0.75 0.004479885314935937
4.0 0.99 0.0022399426574679685
4.0 1.0 0.017919541259743748
4.0 2.0 0.011199713287339845
4.0 3.98 0.02463936923214766
4.0 4.0 0.02239942657467969
4.0 6.5 0.0022399426574679685
4.4 1.0 0.0022399426574679685
4.5 0.4 0.0022399426574679685
4.5 0.5 0.006719827972403906
4.67 0.33 0.0022399426574679685
4.75 0.25 0.0022399426574679685
5.0 0.25 0.0022399426574679685
5.0 0.5 0.008959770629871874
5.0 1.0 0.004479885314935937
5.0 1.6 0.0022399426574679685
5.0 1.75 0.0022399426574679685
5.0 3.67 0.0022399426574679685
5.1 0.8 0.0022399426574679685
5.1 2.0 0.0022399426574679685
5.2 0.25 0.0022399426574679685
5.2 1.0 0.0022399426574679685
5.5 0.5 0.0022399426574679685
5.98 2.0 0.0022399426574679685
6.0 0.5 0.0022399426574679685
6.0 1.0 0.004479885314935937
6.0 11.25 0.0022399426574679685
6.0 2.98 0.0022399426574679685
6.0 23.98 0.0022399426574679685
6.25 0.25 0.008959770629871874
6.33 0.25 0.004479885314935937
6.48 0.25 0.0022399426574679685
6.48 0.5 0.0022399426574679685
6.5 0.25 0.008959770629871874
6.5 0.5 0.006719827972403906
6.67 0.5 0.004479885314935937
6.75 1.0 0.0022399426574679685
6.98 0.5 0.004479885314935937
7.0 0.25 0.004479885314935937
7.0 0.5 0.0022399426574679685
7.25 0.5 0.0022399426574679685
7.5 0.25 0.004479885314935937
7.5 0.5 0.008959770629871874
7.5 19.75 0.0022399426574679685
7.52 0.17 0.0022399426574679685
7.8 1.0 0.0022399426574679685
8.25 0.25 0.0022399426574679685
8.5 0.25 0.0022399426574679685
9.0 0.5 0.0022399426574679685
9.5 0.5 0.0022399426574679685
