28576
0.04 0.04 8
0.04 0.08 8
0.05 0.05 38
0.05 0.1 1
0.05 0.88 1
0.05 1.0 2
0.06 0.06 24
0.06 0.08 1
0.06 0.13 9
0.06 0.17 2
0.06 0.25 1
0.06 0.5 2
0.06 0.67 1
0.06 2.0 1
0.08 0.08 77
0.08 0.13 6
0.08 0.17 10
0.08 0.21 1
0.08 0.25 9
0.08 0.33 1
0.08 0.5 8
0.08 0.75 4
0.08 1.0 1
0.08 1.5 2
0.08 4.0 1
0.09 0.28 2
0.1 0.05 1
0.1 0.1 86
0.1 0.13 11
0.1 0.38 4
0.1 0.5 2
0.1 0.75 1
0.1 1.5 2
0.13 0.04 4
0.13 0.06 2
0.13 0.08 5
0.13 0.1 17
0.13 0.13 897
0.13 0.14 1
0.13 0.17 7
0.13 0.19 6
0.13 0.25 354
0.13 0.31 5
0.13 0.38 57
0.13 0.44 4
0.13 0.5 143
0.13 0.67 3
0.13 0.75 4
0.13 0.9 2
0.13 1.0 44
0.13 1.13 4
0.13 1.25 3
0.13 1.38 2
0.13 1.5 2
0.13 2.0 8
0.13 8.13 1
0.14 0.14 10
0.14 0.15 2
0.15 0.75 2
0.16 0.17 1
0.16 0.67 1
0.17 0.04 4
0.17 0.08 2
0.17 0.1 2
0.17 0.13 6
0.17 0.17 4367
0.17 0.19 124
0.17 0.2 5
0.17 0.21 3
0.17 0.25 52
0.17 0.33 196
0.17 0.38 4
0.17 0.5 150
0.17 0.67 10
0.17 0.75 2
0.17 0.83 8
0.17 0.88 1
0.17 1.0 21
0.17 1.5 2
0.17 1.83 1
0.17 2.0 2
0.17 5.0 1
0.19 0.13 3
0.19 0.19 377
0.19 0.27 125
0.19 0.38 3
0.19 3.63 1
0.19 3.94 1
0.2 0.13 2
0.2 0.2 91
0.2 0.25 1
0.2 0.26 19
0.2 0.27 18
0.2 0.28 3
0.2 0.5 4
0.2 0.7 1
0.2 0.75 3
0.21 0.06 2
0.21 0.08 2
0.21 0.21 20
0.21 0.22 4
0.21 0.75 1
0.22 0.21 2
0.22 1.0 2
0.23 4.0 1
0.25 0.06 5
0.25 0.08 17
0.25 0.09 2
0.25 0.1 1
0.25 0.13 207
0.25 0.17 44
0.25 0.2 3
0.25 0.25 8259
0.25 0.27 2
0.25 0.29 11
0.25 0.31 4
0.25 0.33 10
0.25 0.37 6
0.25 0.38 137
0.25 0.44 12
0.25 0.46 3
0.25 0.5 533
0.25 0.63 4
0.25 0.67 1
0.25 0.75 285
0.25 1.0 339
0.25 1.09 1
0.25 1.13 1
0.25 1.5 17
0.25 1.75 6
0.25 1.88 1
0.25 2.0 46
0.25 3.0 13
0.25 3.02 1
0.25 3.5 2
0.25 3.75 1
0.25 4.0 15
0.25 7.5 1
0.26 0.2 19
0.26 2.98 1
0.27 0.17 126
0.27 0.2 15
0.27 0.25 5
0.27 0.27 40
0.27 0.3 1
0.27 0.44 16
0.28 0.06 1
0.28 0.2 3
0.28 0.29 1
0.29 0.17 1
0.29 0.25 5
0.29 0.29 46
0.29 0.33 1
0.29 0.46 48
0.29 1.75 1
0.29 2.38 1
0.3 0.17 1
0.3 0.3 13
0.3 0.44 2
0.3 0.45 7
0.3 0.46 2
0.3 1.03 1
0.3 4.25 1
0.3 4.75 1
0.3 5.24 1
0.3 6.0 1
0.31 0.06 1
0.31 0.13 3
0.31 0.25 1
0.31 0.5 4
0.31 0.56 3
0.31 0.69 2
0.32 0.33 1
0.33 0.13 1
0.33 0.17 201
0.33 0.25 1
0.33 0.29 1
0.33 0.3 1
0.33 0.32 1
0.33 0.33 1150
0.33 0.34 5
0.33 0.35 72
0.33 0.38 5
0.33 0.5 12
0.33 0.67 12
0.33 0.75 2
0.33 0.83 1
0.33 0.96 1
0.33 1.0 28
0.33 1.03 1
0.33 1.06 1
0.33 1.5 1
0.33 2.0 1
0.33 2.33 1
0.33 3.0 4
0.33 3.02 1
0.34 0.33 5
0.34 0.34 1
0.35 0.33 73
0.35 0.35 148
0.35 0.5 1
0.35 0.6 45
0.35 1.0 1
0.35 4.0 1
0.37 0.13 6
0.38 0.06 3
0.38 0.08 1
0.38 0.13 265
0.38 0.17 2
0.38 0.25 9
0.38 0.29 1
0.38 0.38 6
0.38 0.44 4
0.38 0.5 23
0.38 0.56 3
0.38 0.63 5
0.38 0.75 3
0.38 1.0 2
0.42 0.08 1
0.44 0.13 1
0.44 0.25 4
0.44 0.27 12
0.44 0.3 3
0.44 0.44 8
0.44 0.5 13
0.44 0.56 16
0.44 0.63 7
0.44 1.0 4
0.44 5.25 1
0.45 0.3 9
0.46 0.25 9
0.46 0.29 42
0.46 0.3 2
0.46 3.5 1
0.49 0.3 1
0.49 3.99 1
0.5 0.06 1
0.5 0.13 88
0.5 0.17 144
0.5 0.19 1
0.5 0.2 3
0.5 0.25 567
0.5 0.27 5
0.5 0.31 4
0.5 0.33 28
0.5 0.35 1
0.5 0.38 102
0.5 0.42 1
0.5 0.44 14
0.5 0.5 3304
0.5 0.51 2
0.5 0.56 10
0.5 0.62 2
0.5 0.63 6
0.5 0.69 2
0.5 0.75 69
0.5 0.88 4
0.5 1.0 228
0.5 1.13 1
0.5 1.17 1
0.5 1.5 12
0.5 1.67 1
0.5 1.75 3
0.5 2.0 35
0.5 2.5 1
0.5 2.88 1
0.5 3.0 16
0.5 3.5 2
0.5 3.75 2
0.5 3.99 1
0.5 4.0 6
0.5 4.5 1
0.5 5.0 1
0.5 6.75 1
0.5 7.0 2
0.5 8.0 1
0.51 0.5 2
0.52 3.98 1
0.56 0.17 3
0.56 0.25 2
0.56 0.38 3
0.56 0.44 4
0.56 0.5 17
0.56 0.56 7
0.56 0.63 3
0.6 0.35 45
0.62 0.13 2
0.63 0.13 6
0.63 0.25 2
0.63 0.38 2
0.63 0.44 3
0.63 0.5 12
0.63 0.63 15
0.63 0.75 1
0.63 1.0 3
0.63 2.0 1
0.67 0.17 18
0.67 0.25 2
0.67 0.33 9
0.69 0.25 1
0.69 0.5 3
0.69 0.69 2
0.7 0.17 1
0.71 1.0 2
0.75 0.06 1
0.75 0.13 3
0.75 0.25 465
0.75 0.26 1
0.75 0.5 1
0.75 0.63 1
0.75 0.75 11
0.75 1.0 5
0.75 1.25 3
0.75 1.75 4
0.75 2.0 2
0.75 2.25 1
0.75 3.0 2
0.75 4.0 2
0.75 5.0 1
0.77 0.21 1
0.77 0.23 1
0.77 0.25 6
0.77 1.25 3
0.77 2.25 2
0.77 4.25 1
0.83 0.08 2
0.83 0.17 18
0.83 0.33 2
0.88 0.08 3
0.88 0.13 22
0.88 0.19 1
0.88 0.63 1
0.88 1.13 1
0.9 0.05 2
0.96 3.88 1
1.0 0.13 13
1.0 0.14 1
1.0 0.16 1
1.0 0.17 5
1.0 0.2 1
1.0 0.25 137
1.0 0.3 1
1.0 0.33 14
1.0 0.38 1
1.0 0.5 287
1.0 0.63 1
1.0 0.67 1
1.0 0.71 1
1.0 0.75 67
1.0 0.77 13
1.0 0.83 11
1.0 0.88 21
1.0 1.0 1209
1.0 1.03 3
1.0 1.06 7
1.0 1.13 4
1.0 1.19 2
1.0 1.25 2
1.0 1.5 45
1.0 1.63 2
1.0 1.75 6
1.0 1.96 24
1.0 1.98 7
1.0 2.0 105
1.0 2.38 2
1.0 2.75 2
1.0 2.88 1
1.0 2.98 1
1.0 2.99 1
1.0 3.0 72
1.0 3.01 1
1.0 3.25 1
1.0 3.5 3
1.0 3.75 1
1.0 4.0 23
1.0 4.5 1
1.0 5.0 6
1.03 0.25 1
1.03 0.5 1
1.03 1.0 2
1.03 1.03 3
1.03 1.06 2
1.03 2.0 1
1.06 0.13 2
1.06 0.17 1
1.06 0.25 3
1.06 0.5 1
1.06 1.0 3
1.06 1.03 2
1.06 1.06 2
1.06 4.0 1
1.09 1.0 1
1.13 0.13 3
1.13 0.25 3
1.13 0.5 1
1.13 0.63 2
1.13 0.75 1
1.13 3.75 1
1.13 4.0 1
1.13 8.0 1
1.19 0.13 2
1.25 0.25 3
1.25 0.5 3
1.25 0.75 2
1.25 1.0 3
1.25 3.75 1
1.33 0.33 2
1.38 0.13 4
1.38 0.5 2
1.5 0.06 1
1.5 0.08 1
1.5 0.13 4
1.5 0.25 24
1.5 0.38 4
1.5 0.5 59
1.5 0.75 4
1.5 0.83 2
1.5 1.0 8
1.5 1.5 11
1.5 2.5 1
1.5 3.0 2
1.5 4.0 1
1.51 0.5 1
1.63 2.13 1
1.63 2.38 1
1.67 0.17 2
1.75 0.13 1
1.75 0.25 31
1.75 0.5 2
1.75 2.25 1
1.88 1.13 1
1.96 0.75 4
1.96 0.77 1
1.96 1.0 17
1.96 1.5 1
1.96 2.0 1
1.98 1.0 9
2.0 0.13 2
2.0 0.17 2
2.0 0.2 2
2.0 0.25 5
2.0 0.33 6
2.0 0.5 45
2.0 0.71 1
2.0 0.75 24
2.0 1.0 87
2.0 1.06 1
2.0 1.5 8
2.0 1.75 2
2.0 2.0 99
2.0 2.13 1
2.0 2.3 1
2.0 2.5 1
2.0 3.0 16
2.0 3.25 2
2.0 3.3 1
2.0 3.63 1
2.0 4.0 12
2.0 4.05 1
2.0 4.06 1
2.0 4.55 1
2.0 5.05 1
2.0 5.8 1
2.0 8.0 1
2.06 3.69 1
2.13 3.5 1
2.13 3.75 1
2.13 3.88 1
2.25 0.5 1
2.25 1.98 2
2.25 3.63 1
2.3 0.45 1
2.38 3.75 1
2.38 3.81 1
2.38 3.88 1
2.38 3.94 1
2.38 4.0 1
2.5 0.5 2
2.5 1.0 1
2.88 0.13 2
2.98 1.0 1
2.98 2.0 1
2.99 1.0 1
3.0 0.13 3
3.0 0.21 2
3.0 0.25 7
3.0 0.33 2
3.0 0.5 24
3.0 0.75 9
3.0 1.0 36
3.0 1.33 2
3.0 1.5 13
3.0 1.67 1
3.0 1.75 13
3.0 2.0 8
3.0 3.0 28
3.0 4.0 1
3.01 1.0 1
3.02 1.0 2
3.25 0.25 1
3.3 0.44 1
3.5 0.25 1
3.5 1.0 4
3.52 0.49 1
3.75 0.13 4
3.75 0.25 1
3.75 3.75 1
3.98 1.38 1
3.99 1.38 2
4.0 0.5 6
4.0 1.0 9
4.0 1.06 2
4.0 1.38 1
4.0 1.5 1
4.0 1.51 1
4.0 2.0 23
4.0 2.13 1
4.0 3.0 1
4.0 3.75 1
4.0 4.0 17
4.0 4.06 1
4.0 6.5 1
4.0 8.0 2
4.0 8.04 1
4.0 8.08 1
4.05 0.45 1
4.06 0.44 1
4.06 2.06 1
4.06 3.75 1
4.25 0.5 1
4.25 1.0 1
4.5 0.25 1
4.5 1.0 1
4.55 0.49 1
5.0 0.5 1
5.0 0.88 1
5.0 1.0 4
5.05 0.46 1
5.8 0.3 1
6.0 0.5 1
6.5 0.52 1
6.75 3.0 1
7.0 3.25 1
7.5 3.5 1
8.0 0.17 1
8.0 2.0 1
8.0 4.0 2
8.0 4.06 1
8.04 4.0 1
8.08 2.0 1
8.13 4.0 1
