0 0 2.169652855543113
0 1 1.270296752519597
0 10 1.1268197088465846
0 11 0.2589585666293393
0 2 0.25545912653975367
0 3 0.9483482642777156
0 4 0.283454647256439
0 5 2.1031634938409853
0 6 0.24496080627099664
0 7 0.9728443449048153
0 8 2.2921332586786116
0 9 0.43043113101903696
1 0 1.0428331466965286
1 1 1.186310190369541
1 10 0.8993561030235162
1 11 0.2694568868980963
1 2 0.15047592385218364
1 3 1.133818589025756
1 4 0.31844904815229563
1 5 0.43043113101903696
1 6 0.283454647256439
1 7 0.7558790593505039
1 8 1.2632978723404253
1 9 0.2274636058230683
10 0 1.5467525195968646
10 1 0.6019036954087346
10 10 1.3367861142217246
10 11 0.3324468085106383
10 2 0.25545912653975367
10 3 1.3332866741321387
10 4 0.32544792833146696
10 5 0.9973404255319149
10 6 0.2064669652855543
10 7 1.0638297872340425
10 8 1.560750279955207
10 9 0.304451287793953
11 0 0.21696528555431133
11 1 0.11898096304591266
11 10 0.47942329227323627
11 11 0.4969204927211647
11 2 0.09798432250839866
11 3 0.27295632698768196
11 4 0.21346584546472563
11 5 0.24846024636058234
11 6 0.18197088465845465
11 7 0.17147256438969763
11 8 0.4899216125419933
11 9 0.15747480403135497
2 0 0.2274636058230683
2 1 0.22046472564389696
2 10 0.17147256438969763
2 11 0.16097424412094063
2 2 0.7838745800671892
2 3 0.4584266517357223
2 4 0.178471444568869
2 5 0.2064669652855543
2 6 0.06648936170212766
2 7 0.4164333706606943
2 8 0.1959686450167973
2 9 0.09798432250839866
3 0 1.151315789473684
3 1 0.829367301231803
3 10 1.3192889137737962
3 11 0.32544792833146696
3 2 0.283454647256439
3 3 2.7645576707726764
3 4 0.6893896976483763
3 5 1.5257558790593504
3 6 0.18197088465845465
3 7 1.140817469204927
3 8 2.274636058230683
3 9 0.251959686450168
4 0 0.4479283314669653
4 1 0.4374300111982083
4 10 0.34644456886898095
4 11 0.22396416573348266
4 2 0.11548152295632699
4 3 0.619400895856663
4 4 0.7873740201567749
4 5 0.9588465845464725
4 6 0.1644736842105263
4 7 0.4654255319148936
4 8 0.5319148936170213
4 9 0.3009518477043673
5 0 2.3201287793952967
5 1 0.640397536394177
5 10 0.9168533034714446
5 11 0.2589585666293393
5 2 0.3079507278835386
5 3 1.2982922732362823
5 4 0.37444008958566627
5 5 4.2238241881299
5 6 0.46192609182530797
5 7 1.5887458006718924
5 8 1.151315789473684
5 9 0.241461366181411
6 0 0.16097424412094063
6 1 0.32544792833146696
6 10 0.1434770436730123
6 11 0.08748600223964166
6 2 0.09448488241881299
6 3 0.3394456886898096
6 4 0.18547032474804032
6 5 0.33594624860022393
6 6 0.3639417693169093
6 7 0.21696528555431133
6 8 0.356942889137738
6 9 0.15047592385218364
7 0 0.8748600223964166
7 1 0.7663773796192609
7 10 1.0218365061590147
7 11 0.20296752519596864
7 2 0.41993281075027994
7 3 1.0463325867861144
7 4 0.3849384098544233
7 5 1.0253359462486002
7 6 0.13297872340425532
7 7 1.1478163493840985
7 8 1.6272396416573347
7 9 0.9063549832026875
8 0 1.8966965285554311
8 1 1.4207726763717805
8 10 1.7567189249720043
8 11 0.3289473684210526
8 2 0.27295632698768196
8 3 2.372620380739082
8 4 0.829367301231803
8 5 1.4592665173572228
8 6 0.26595744680851063
8 7 1.371780515117581
8 8 2.7330627099664055
8 9 0.3639417693169093
9 0 0.32194848824188127
9 1 0.11898096304591266
9 10 0.32544792833146696
9 11 0.20996640537513997
9 2 0.13997760358342665
9 3 0.19246920492721165
9 4 0.8363661814109743
9 5 0.24846024636058234
9 6 0.20996640537513997
9 7 0.23096304591265399
9 8 0.6054031354983203
9 9 0.7348824188129899
