28576
0 0 620
0 1 363
0 10 322
0 11 74
0 2 73
0 3 271
0 4 81
0 5 601
0 6 70
0 7 278
0 8 655
0 9 123
1 0 298
1 1 339
1 10 257
1 11 77
1 2 43
1 3 324
1 4 91
1 5 123
1 6 81
1 7 216
1 8 361
1 9 65
10 0 442
10 1 172
10 10 382
10 11 95
10 2 73
10 3 381
10 4 93
10 5 285
10 6 59
10 7 304
10 8 446
10 9 87
11 0 62
11 1 34
11 10 137
11 11 142
11 2 28
11 3 78
11 4 61
11 5 71
11 6 52
11 7 49
11 8 140
11 9 45
2 0 65
2 1 63
2 10 49
2 11 46
2 2 224
2 3 131
2 4 51
2 5 59
2 6 19
2 7 119
2 8 56
2 9 28
3 0 329
3 1 237
3 10 377
3 11 93
3 2 81
3 3 790
3 4 197
3 5 436
3 6 52
3 7 326
3 8 650
3 9 72
4 0 128
4 1 125
4 10 99
4 11 64
4 2 33
4 3 177
4 4 225
4 5 274
4 6 47
4 7 133
4 8 152
4 9 86
5 0 663
5 1 183
5 10 262
5 11 74
5 2 88
5 3 371
5 4 107
5 5 1207
5 6 132
5 7 454
5 8 329
5 9 69
6 0 46
6 1 93
6 10 41
6 11 25
6 2 27
6 3 97
6 4 53
6 5 96
6 6 104
6 7 62
6 8 102
6 9 43
7 0 250
7 1 219
7 10 292
7 11 58
7 2 120
7 3 299
7 4 110
7 5 293
7 6 38
7 7 328
7 8 465
7 9 259
8 0 542
8 1 406
8 10 502
8 11 94
8 2 78
8 3 678
8 4 237
8 5 417
8 6 76
8 7 392
8 8 781
8 9 104
9 0 92
9 1 34
9 10 93
9 11 60
9 2 40
9 3 55
9 4 239
9 5 71
9 6 60
9 7 66
9 8 173
9 9 210
