0.04 0.04 0.027995520716685332
0.04 0.08 0.027995520716685332
0.05 0.05 0.13297872340425532
0.05 0.1 0.0034994400895856665
0.05 0.88 0.0034994400895856665
0.05 1.0 0.006998880179171333
0.06 0.06 0.08398656215005598
0.06 0.08 0.0034994400895856665
0.06 0.13 0.031494960806271
0.06 0.17 0.006998880179171333
0.06 0.25 0.0034994400895856665
0.06 0.5 0.006998880179171333
0.06 0.67 0.0034994400895856665
0.06 2.0 0.0034994400895856665
0.08 0.08 0.2694568868980963
0.08 0.13 0.020996640537513996
0.08 0.17 0.03499440089585666
0.08 0.21 0.0034994400895856665
0.08 0.25 0.031494960806271
0.08 0.33 0.0034994400895856665
0.08 0.5 0.027995520716685332
0.08 0.75 0.013997760358342666
0.08 1.0 0.0034994400895856665
0.08 1.5 0.006998880179171333
0.08 4.0 0.0034994400895856665
0.09 0.28 0.006998880179171333
0.1 0.05 0.0034994400895856665
0.1 0.1 0.3009518477043673
0.1 0.13 0.038493840985442326
0.1 0.38 0.013997760358342666
0.1 0.5 0.006998880179171333
0.1 0.75 0.0034994400895856665
0.1 1.5 0.006998880179171333
0.13 0.04 0.013997760358342666
0.13 0.06 0.006998880179171333
0.13 0.08 0.01749720044792833
0.13 0.1 0.05949048152295633
0.13 0.13 3.1389977603583428
0.13 0.14 0.0034994400895856665
0.13 0.17 0.024496080627099664
0.13 0.19 0.020996640537513996
0.13 0.25 1.238801791713326
0.13 0.31 0.01749720044792833
0.13 0.38 0.19946808510638298
0.13 0.44 0.013997760358342666
0.13 0.5 0.5004199328107503
0.13 0.67 0.010498320268756998
0.13 0.75 0.013997760358342666
0.13 0.9 0.006998880179171333
0.13 1.0 0.1539753639417693
0.13 1.13 0.013997760358342666
0.13 1.25 0.010498320268756998
0.13 1.38 0.006998880179171333
0.13 1.5 0.006998880179171333
0.13 2.0 0.027995520716685332
0.13 8.13 0.0034994400895856665
0.14 0.14 0.03499440089585666
0.14 0.15 0.006998880179171333
0.15 0.75 0.006998880179171333
0.16 0.17 0.0034994400895856665
0.16 0.67 0.0034994400895856665
0.17 0.04 0.013997760358342666
0.17 0.08 0.006998880179171333
0.17 0.1 0.006998880179171333
0.17 0.13 0.020996640537513996
0.17 0.17 15.282054871220604
0.17 0.19 0.43393057110862265
0.17 0.2 0.01749720044792833
0.17 0.21 0.010498320268756998
0.17 0.25 0.18197088465845465
0.17 0.33 0.6858902575587905
0.17 0.38 0.013997760358342666
0.17 0.5 0.52491601343785
0.17 0.67 0.03499440089585666
0.17 0.75 0.006998880179171333
0.17 0.83 0.027995520716685332
0.17 0.88 0.0034994400895856665
0.17 1.0 0.07348824188129899
0.17 1.5 0.006998880179171333
0.17 1.83 0.0034994400895856665
0.17 2.0 0.006998880179171333
0.17 5.0 0.0034994400895856665
0.19 0.13 0.010498320268756998
0.19 0.19 1.3192889137737962
0.19 0.27 0.4374300111982083
0.19 0.38 0.010498320268756998
0.19 3.63 0.0034994400895856665
0.19 3.94 0.0034994400895856665
0.2 0.13 0.006998880179171333
0.2 0.2 0.31844904815229563
0.2 0.25 0.0034994400895856665
0.2 0.26 0.06648936170212766
0.2 0.27 0.062989921612542
0.2 0.28 0.010498320268756998
0.2 0.5 0.013997760358342666
0.2 0.7 0.0034994400895856665
0.2 0.75 0.010498320268756998
0.21 0.06 0.006998880179171333
0.21 0.08 0.006998880179171333
0.21 0.21 0.06998880179171332
0.21 0.22 0.013997760358342666
0.21 0.75 0.0034994400895856665
0.22 0.21 0.006998880179171333
0.22 1.0 0.006998880179171333
0.23 4.0 0.0034994400895856665
0.25 0.06 0.01749720044792833
0.25 0.08 0.05949048152295633
0.25 0.09 0.006998880179171333
0.25 0.1 0.0034994400895856665
0.25 0.13 0.7243840985442329
0.25 0.17 0.1539753639417693
0.25 0.2 0.010498320268756998
0.25 0.25 28.90187569988802
0.25 0.27 0.006998880179171333
0.25 0.29 0.038493840985442326
0.25 0.31 0.013997760358342666
0.25 0.33 0.03499440089585666
0.25 0.37 0.020996640537513996
0.25 0.38 0.47942329227323627
0.25 0.44 0.04199328107502799
0.25 0.46 0.010498320268756998
0.25 0.5 1.8652015677491602
0.25 0.63 0.013997760358342666
0.25 0.67 0.0034994400895856665
0.25 0.75 0.9973404255319149
0.25 1.0 1.186310190369541
0.25 1.09 0.0034994400895856665
0.25 1.13 0.0034994400895856665
0.25 1.5 0.05949048152295633
0.25 1.75 0.020996640537513996
0.25 1.88 0.0034994400895856665
0.25 2.0 0.16097424412094063
0.25 3.0 0.04549272116461366
0.25 3.02 0.0034994400895856665
0.25 3.5 0.006998880179171333
0.25 3.75 0.0034994400895856665
0.25 4.0 0.05249160134378499
0.25 7.5 0.0034994400895856665
0.26 0.2 0.06648936170212766
0.26 2.98 0.0034994400895856665
0.27 0.17 0.4409294512877939
0.27 0.2 0.05249160134378499
0.27 0.25 0.01749720044792833
0.27 0.27 0.13997760358342665
0.27 0.3 0.0034994400895856665
0.27 0.44 0.055991041433370664
0.28 0.06 0.0034994400895856665
0.28 0.2 0.010498320268756998
0.28 0.29 0.0034994400895856665
0.29 0.17 0.0034994400895856665
0.29 0.25 0.01749720044792833
0.29 0.29 0.16097424412094063
0.29 0.33 0.0034994400895856665
0.29 0.46 0.16797312430011196
0.29 1.75 0.0034994400895856665
0.29 2.38 0.0034994400895856665
0.3 0.17 0.0034994400895856665
0.3 0.3 0.04549272116461366
0.3 0.44 0.006998880179171333
0.3 0.45 0.024496080627099664
0.3 0.46 0.006998880179171333
0.3 1.03 0.0034994400895856665
0.3 4.25 0.0034994400895856665
0.3 4.75 0.0034994400895856665
0.3 5.24 0.0034994400895856665
0.3 6.0 0.0034994400895856665
0.31 0.06 0.0034994400895856665
0.31 0.13 0.010498320268756998
0.31 0.25 0.0034994400895856665
0.31 0.5 0.013997760358342666
0.31 0.56 0.010498320268756998
0.31 0.69 0.006998880179171333
0.32 0.33 0.0034994400895856665
0.33 0.13 0.0034994400895856665
0.33 0.17 0.703387458006719
0.33 0.25 0.0034994400895856665
0.33 0.29 0.0034994400895856665
0.33 0.3 0.0034994400895856665
0.33 0.32 0.0034994400895856665
0.33 0.33 4.024356103023517
0.33 0.34 0.01749720044792833
0.33 0.35 0.251959686450168
0.33 0.38 0.01749720044792833
0.33 0.5 0.04199328107502799
0.33 0.67 0.04199328107502799
0.33 0.75 0.006998880179171333
0.33 0.83 0.0034994400895856665
0.33 0.96 0.0034994400895856665
0.33 1.0 0.09798432250839866
0.33 1.03 0.0034994400895856665
0.33 1.06 0.0034994400895856665
0.33 1.5 0.0034994400895856665
0.33 2.0 0.0034994400895856665
0.33 2.33 0.0034994400895856665
0.33 3.0 0.013997760358342666
0.33 3.02 0.0034994400895856665
0.34 0.33 0.01749720044792833
0.34 0.34 0.0034994400895856665
0.35 0.33 0.25545912653975367
0.35 0.35 0.5179171332586786
0.35 0.5 0.0034994400895856665
0.35 0.6 0.15747480403135497
0.35 1.0 0.0034994400895856665
0.35 4.0 0.0034994400895856665
0.37 0.13 0.020996640537513996
0.38 0.06 0.010498320268756998
0.38 0.08 0.0034994400895856665
0.38 0.13 0.9273516237402015
0.38 0.17 0.006998880179171333
0.38 0.25 0.031494960806271
0.38 0.29 0.0034994400895856665
0.38 0.38 0.020996640537513996
0.38 0.44 0.013997760358342666
0.38 0.5 0.08048712206047032
0.38 0.56 0.010498320268756998
0.38 0.63 0.01749720044792833
0.38 0.75 0.010498320268756998
0.38 1.0 0.006998880179171333
0.42 0.08 0.0034994400895856665
0.44 0.13 0.0034994400895856665
0.44 0.25 0.013997760358342666
0.44 0.27 0.04199328107502799
0.44 0.3 0.010498320268756998
0.44 0.44 0.027995520716685332
0.44 0.5 0.04549272116461366
0.44 0.56 0.055991041433370664
0.44 0.63 0.024496080627099664
0.44 1.0 0.013997760358342666
0.44 5.25 0.0034994400895856665
0.45 0.3 0.031494960806271
0.46 0.25 0.031494960806271
0.46 0.29 0.14697648376259798
0.46 0.3 0.006998880179171333
0.46 3.5 0.0034994400895856665
0.49 0.3 0.0034994400895856665
0.49 3.99 0.0034994400895856665
0.5 0.06 0.0034994400895856665
0.5 0.13 0.3079507278835386
0.5 0.17 0.503919372900336
0.5 0.19 0.0034994400895856665
0.5 0.2 0.010498320268756998
0.5 0.25 1.984182530795073
0.5 0.27 0.01749720044792833
0.5 0.31 0.013997760358342666
0.5 0.33 0.09798432250839866
0.5 0.35 0.0034994400895856665
0.5 0.38 0.356942889137738
0.5 0.42 0.0034994400895856665
0.5 0.44 0.04899216125419933
0.5 0.5 11.562150055991042
0.5 0.51 0.006998880179171333
0.5 0.56 0.03499440089585666
0.5 0.62 0.006998880179171333
0.5 0.63 0.020996640537513996
0.5 0.69 0.006998880179171333
0.5 0.75 0.241461366181411
0.5 0.88 0.013997760358342666
0.5 1.0 0.7978723404255319
0.5 1.13 0.0034994400895856665
0.5 1.17 0.0034994400895856665
0.5 1.5 0.04199328107502799
0.5 1.67 0.0034994400895856665
0.5 1.75 0.010498320268756998
0.5 2.0 0.12248040313549832
0.5 2.5 0.0034994400895856665
0.5 2.88 0.0034994400895856665
0.5 3.0 0.055991041433370664
0.5 3.5 0.006998880179171333
0.5 3.75 0.006998880179171333
0.5 3.99 0.0034994400895856665
0.5 4.0 0.020996640537513996
0.5 4.5 0.0034994400895856665
0.5 5.0 0.0034994400895856665
0.5 6.75 0.0034994400895856665
0.5 7.0 0.006998880179171333
0.5 8.0 0.0034994400895856665
0.51 0.5 0.006998880179171333
0.52 3.98 0.0034994400895856665
0.56 0.17 0.010498320268756998
0.56 0.25 0.006998880179171333
0.56 0.38 0.010498320268756998
0.56 0.44 0.013997760358342666
0.56 0.5 0.05949048152295633
0.56 0.56 0.024496080627099664
0.56 0.63 0.010498320268756998
0.6 0.35 0.15747480403135497
0.62 0.13 0.006998880179171333
0.63 0.13 0.020996640537513996
0.63 0.25 0.006998880179171333
0.63 0.38 0.006998880179171333
0.63 0.44 0.010498320268756998
0.63 0.5 0.04199328107502799
0.63 0.63 0.05249160134378499
0.63 0.75 0.0034994400895856665
0.63 1.0 0.010498320268756998
0.63 2.0 0.0034994400895856665
0.67 0.17 0.062989921612542
0.67 0.25 0.006998880179171333
0.67 0.33 0.031494960806271
0.69 0.25 0.0034994400895856665
0.69 0.5 0.010498320268756998
0.69 0.69 0.006998880179171333
0.7 0.17 0.0034994400895856665
0.71 1.0 0.006998880179171333
0.75 0.06 0.0034994400895856665
0.75 0.13 0.010498320268756998
0.75 0.25 1.6272396416573347
0.75 0.26 0.0034994400895856665
0.75 0.5 0.0034994400895856665
0.75 0.63 0.0034994400895856665
0.75 0.75 0.038493840985442326
0.75 1.0 0.01749720044792833
0.75 1.25 0.010498320268756998
0.75 1.75 0.013997760358342666
0.75 2.0 0.006998880179171333
0.75 2.25 0.0034994400895856665
0.75 3.0 0.006998880179171333
0.75 4.0 0.006998880179171333
0.75 5.0 0.0034994400895856665
0.77 0.21 0.0034994400895856665
0.77 0.23 0.0034994400895856665
0.77 0.25 0.020996640537513996
0.77 1.25 0.010498320268756998
0.77 2.25 0.006998880179171333
0.77 4.25 0.0034994400895856665
0.83 0.08 0.006998880179171333
0.83 0.17 0.062989921612542
0.83 0.33 0.006998880179171333
0.88 0.08 0.010498320268756998
0.88 0.13 0.07698768197088465
0.88 0.19 0.0034994400895856665
0.88 0.63 0.0034994400895856665
0.88 1.13 0.0034994400895856665
0.9 0.05 0.006998880179171333
0.96 3.88 0.0034994400895856665
1.0 0.13 0.04549272116461366
1.0 0.14 0.0034994400895856665
1.0 0.16 0.0034994400895856665
1.0 0.17 0.01749720044792833
1.0 0.2 0.0034994400895856665
1.0 0.25 0.47942329227323627
1.0 0.3 0.0034994400895856665
1.0 0.33 0.04899216125419933
1.0 0.38 0.0034994400895856665
1.0 0.5 1.0043393057110863
1.0 0.63 0.0034994400895856665
1.0 0.67 0.0034994400895856665
1.0 0.71 0.0034994400895856665
1.0 0.75 0.23446248600223965
1.0 0.77 0.04549272116461366
1.0 0.83 0.038493840985442326
1.0 0.88 0.07348824188129899
1.0 1.0 4.23082306830907
1.0 1.03 0.010498320268756998
1.0 1.06 0.024496080627099664
1.0 1.13 0.013997760358342666
1.0 1.19 0.006998880179171333
1.0 1.25 0.006998880179171333
1.0 1.5 0.15747480403135497
1.0 1.63 0.006998880179171333
1.0 1.75 0.020996640537513996
1.0 1.96 0.08398656215005598
1.0 1.98 0.024496080627099664
1.0 2.0 0.36744120940649494
1.0 2.38 0.006998880179171333
1.0 2.75 0.006998880179171333
1.0 2.88 0.0034994400895856665
1.0 2.98 0.0034994400895856665
1.0 2.99 0.0034994400895856665
1.0 3.0 0.251959686450168
1.0 3.01 0.0034994400895856665
1.0 3.25 0.0034994400895856665
1.0 3.5 0.010498320268756998
1.0 3.75 0.0034994400895856665
1.0 4.0 0.08048712206047032
1.0 4.5 0.0034994400895856665
1.0 5.0 0.020996640537513996
1.03 0.25 0.0034994400895856665
1.03 0.5 0.0034994400895856665
1.03 1.0 0.006998880179171333
1.03 1.03 0.010498320268756998
1.03 1.06 0.006998880179171333
1.03 2.0 0.0034994400895856665
1.06 0.13 0.006998880179171333
1.06 0.17 0.0034994400895856665
1.06 0.25 0.010498320268756998
1.06 0.5 0.0034994400895856665
1.06 1.0 0.010498320268756998
1.06 1.03 0.006998880179171333
1.06 1.06 0.006998880179171333
1.06 4.0 0.0034994400895856665
1.09 1.0 0.0034994400895856665
1.13 0.13 0.010498320268756998
1.13 0.25 0.010498320268756998
1.13 0.5 0.0034994400895856665
1.13 0.63 0.006998880179171333
1.13 0.75 0.0034994400895856665
1.13 3.75 0.0034994400895856665
1.13 4.0 0.0034994400895856665
1.13 8.0 0.0034994400895856665
1.19 0.13 0.006998880179171333
1.25 0.25 0.010498320268756998
1.25 0.5 0.010498320268756998
1.25 0.75 0.006998880179171333
1.25 1.0 0.010498320268756998
1.25 3.75 0.0034994400895856665
1.33 0.33 0.006998880179171333
1.38 0.13 0.013997760358342666
1.38 0.5 0.006998880179171333
1.5 0.06 0.0034994400895856665
1.5 0.08 0.0034994400895856665
1.5 0.13 0.013997760358342666
1.5 0.25 0.08398656215005598
1.5 0.38 0.013997760358342666
1.5 0.5 0.2064669652855543
1.5 0.75 0.013997760358342666
1.5 0.83 0.006998880179171333
1.5 1.0 0.027995520716685332
1.5 1.5 0.038493840985442326
1.5 2.5 0.0034994400895856665
1.5 3.0 0.006998880179171333
1.5 4.0 0.0034994400895856665
1.51 0.5 0.0034994400895856665
1.63 2.13 0.0034994400895856665
1.63 2.38 0.0034994400895856665
1.67 0.17 0.006998880179171333
1.75 0.13 0.0034994400895856665
1.75 0.25 0.10848264277715566
1.75 0.5 0.006998880179171333
1.75 2.25 0.0034994400895856665
1.88 1.13 0.0034994400895856665
1.96 0.75 0.013997760358342666
1.96 0.77 0.0034994400895856665
1.96 1.0 0.05949048152295633
1.96 1.5 0.0034994400895856665
1.96 2.0 0.0034994400895856665
1.98 1.0 0.031494960806271
2.0 0.13 0.006998880179171333
2.0 0.17 0.006998880179171333
2.0 0.2 0.006998880179171333
2.0 0.25 0.01749720044792833
2.0 0.33 0.020996640537513996
2.0 0.5 0.15747480403135497
2.0 0.71 0.0034994400895856665
2.0 0.75 0.08398656215005598
2.0 1.0 0.304451287793953
2.0 1.06 0.0034994400895856665
2.0 1.5 0.027995520716685332
2.0 1.75 0.006998880179171333
2.0 2.0 0.34644456886898095
2.0 2.13 0.0034994400895856665
2.0 2.3 0.0034994400895856665
2.0 2.5 0.0034994400895856665
2.0 3.0 0.055991041433370664
2.0 3.25 0.006998880179171333
2.0 3.3 0.0034994400895856665
2.0 3.63 0.0034994400895856665
2.0 4.0 0.04199328107502799
2.0 4.05 0.0034994400895856665
2.0 4.06 0.0034994400895856665
2.0 4.55 0.0034994400895856665
2.0 5.05 0.0034994400895856665
2.0 5.8 0.0034994400895856665
2.0 8.0 0.0034994400895856665
2.06 3.69 0.0034994400895856665
2.13 3.5 0.0034994400895856665
2.13 3.75 0.0034994400895856665
2.13 3.88 0.0034994400895856665
2.25 0.5 0.0034994400895856665
2.25 1.98 0.006998880179171333
2.25 3.63 0.0034994400895856665
2.3 0.45 0.0034994400895856665
2.38 3.75 0.0034994400895856665
2.38 3.81 0.0034994400895856665
2.38 3.88 0.0034994400895856665
2.38 3.94 0.0034994400895856665
2.38 4.0 0.0034994400895856665
2.5 0.5 0.006998880179171333
2.5 1.0 0.0034994400895856665
2.88 0.13 0.006998880179171333
2.98 1.0 0.0034994400895856665
2.98 2.0 0.0034994400895856665
2.99 1.0 0.0034994400895856665
3.0 0.13 0.010498320268756998
3.0 0.21 0.006998880179171333
3.0 0.25 0.024496080627099664
3.0 0.33 0.006998880179171333
3.0 0.5 0.08398656215005598
3.0 0.75 0.031494960806271
3.0 1.0 0.125979843225084
3.0 1.33 0.006998880179171333
3.0 1.5 0.04549272116461366
3.0 1.67 0.0034994400895856665
3.0 1.75 0.04549272116461366
3.0 2.0 0.027995520716685332
3.0 3.0 0.09798432250839866
3.0 4.0 0.0034994400895856665
3.01 1.0 0.0034994400895856665
3.02 1.0 0.006998880179171333
3.25 0.25 0.0034994400895856665
3.3 0.44 0.0034994400895856665
3.5 0.25 0.0034994400895856665
3.5 1.0 0.013997760358342666
3.52 0.49 0.0034994400895856665
3.75 0.13 0.013997760358342666
3.75 0.25 0.0034994400895856665
3.75 3.75 0.0034994400895856665
3.98 1.38 0.0034994400895856665
3.99 1.38 0.006998880179171333
4.0 0.5 0.020996640537513996
4.0 1.0 0.031494960806271
4.0 1.06 0.006998880179171333
4.0 1.38 0.0034994400895856665
4.0 1.5 0.0034994400895856665
4.0 1.51 0.0034994400895856665
4.0 2.0 0.08048712206047032
4.0 2.13 0.0034994400895856665
4.0 3.0 0.0034994400895856665
4.0 3.75 0.0034994400895856665
4.0 4.0 0.05949048152295633
4.0 4.06 0.0034994400895856665
4.0 6.5 0.0034994400895856665
4.0 8.0 0.006998880179171333
4.0 8.04 0.0034994400895856665
4.0 8.08 0.0034994400895856665
4.05 0.45 0.0034994400895856665
4.06 0.44 0.0034994400895856665
4.06 2.06 0.0034994400895856665
4.06 3.75 0.0034994400895856665
4.25 0.5 0.0034994400895856665
4.25 1.0 0.0034994400895856665
4.5 0.25 0.0034994400895856665
4.5 1.0 0.0034994400895856665
4.55 0.49 0.0034994400895856665
5.0 0.5 0.0034994400895856665
5.0 0.88 0.0034994400895856665
5.0 1.0 0.013997760358342666
5.05 0.46 0.0034994400895856665
5.8 0.3 0.0034994400895856665
6.0 0.5 0.0034994400895856665
6.5 0.52 0.0034994400895856665
6.75 3.0 0.0034994400895856665
7.0 3.25 0.0034994400895856665
7.5 3.5 0.0034994400895856665
8.0 0.17 0.0034994400895856665
8.0 2.0 0.0034994400895856665
8.0 4.0 0.006998880179171333
8.0 4.06 0.0034994400895856665
8.04 4.0 0.0034994400895856665
8.08 2.0 0.0034994400895856665
8.13 4.0 0.0034994400895856665
