0 0 1.1846001974333662
0 1 1.7439947351102336
0 10 1.5794669299111548
0 11 0.06581112207963145
0 2 1.2833168805528135
0 3 1.6123724909509707
0 4 0.23033892727871008
0 5 0.29615004935834155
0 6 0.1316222441592629
0 7 0.9542612701546561
0 8 0.2632444883185258
0 9 0.09871668311944717
1 0 1.2175057584731819
1 1 0.3290556103981573
1 10 0.29615004935834155
1 11 0.5264889766370516
1 2 0.06581112207963145
1 3 1.7110891740704177
1 4 0.361961171437973
1 5 0.16452780519907864
1 6 0.06581112207963145
1 7 0.16452780519907864
1 8 0.6910167818361304
10 0 2.9944060546232314
10 1 0.42777229351760443
10 10 2.6324448831852583
10 11 1.5794669299111548
10 2 0.8884501480750246
10 3 1.5794669299111548
10 4 0.1316222441592629
10 5 1.678183613030602
10 6 0.1316222441592629
10 7 1.085883514313919
10 8 3.1589338598223096
10 9 0.16452780519907864
11 0 0.03290556103981573
11 1 0.29615004935834155
11 10 1.941428101349128
11 11 0.19743336623889435
11 2 0.1316222441592629
11 3 0.723922342875946
11 5 0.3290556103981573
11 7 0.16452780519907864
11 8 0.5923000987166831
2 0 0.5923000987166831
2 1 0.06581112207963145
2 10 0.8226390259953932
2 11 0.06581112207963145
2 2 0.29615004935834155
2 3 2.336294833826917
2 4 0.06581112207963145
2 5 0.9542612701546561
2 6 0.06581112207963145
2 7 0.2632444883185258
2 8 0.29615004935834155
2 9 0.09871668311944717
3 0 1.2175057584731819
3 1 1.7769002961500493
3 10 2.533728200065811
3 11 0.6252056597564989
3 2 1.6123724909509707
3 3 3.9157617637380717
3 4 1.085883514313919
3 5 2.665350444225074
3 6 0.3948667324777887
3 7 1.7110891740704177
3 8 0.8884501480750246
3 9 0.06581112207963145
4 0 0.19743336623889435
4 1 0.29615004935834155
4 10 0.06581112207963145
4 3 1.3162224415926291
4 4 0.23033892727871008
4 5 0.06581112207963145
4 6 0.29615004935834155
4 7 0.16452780519907864
4 8 0.23033892727871008
5 0 0.5923000987166831
5 1 0.09871668311944717
5 10 1.0200723922342876
5 11 0.5264889766370516
5 2 0.7897334649555774
5 3 2.1059559065482065
5 4 0.06581112207963145
5 5 1.3491280026324448
5 6 0.5264889766370516
5 7 2.3692003948667324
5 8 1.2504113195129978
5 9 0.23033892727871008
6 0 0.09871668311944717
6 1 0.06581112207963145
6 10 0.23033892727871008
6 2 0.1316222441592629
6 3 0.16452780519907864
6 4 0.29615004935834155
6 5 0.8555445870352089
6 6 0.03290556103981573
6 8 0.1316222441592629
6 9 0.03290556103981573
7 0 0.42777229351760443
7 1 0.2632444883185258
7 10 1.678183613030602
7 11 0.03290556103981573
7 2 0.6581112207963146
7 3 1.1516946363935505
7 4 0.09871668311944717
7 5 1.678183613030602
7 6 0.09871668311944717
7 7 1.0200723922342876
7 8 3.1589338598223096
7 9 0.1316222441592629
8 0 0.7897334649555774
8 1 0.23033892727871008
8 10 3.257650542941757
8 11 0.6910167818361304
8 2 0.06581112207963145
8 3 1.7439947351102336
8 4 0.23033892727871008
8 5 0.8226390259953932
8 6 0.3290556103981573
8 7 2.5008226390259956
8 8 1.6452780519907864
8 9 0.1316222441592629
9 0 0.09871668311944717
9 10 0.3948667324777887
9 11 0.1316222441592629
9 3 0.06581112207963145
9 4 0.06581112207963145
9 5 0.06581112207963145
9 8 0.1316222441592629
9 9 0.06581112207963145
