0.03 0.03 0.7568279039157618
0.05 0.5 0.03290556103981573
0.06 0.05 0.03290556103981573
0.06 0.06 0.723922342875946
0.06 0.12 0.03290556103981573
0.12 0.06 0.03290556103981573
0.12 0.12 0.2632444883185258
0.12 0.25 0.16452780519907864
0.12 0.5 0.03290556103981573
0.12 0.6 0.03290556103981573
0.13 0.13 0.9542612701546561
0.13 0.4 0.06581112207963145
0.13 0.5 0.03290556103981573
0.13 0.94 0.03290556103981573
0.13 1.0 0.03290556103981573
0.2 0.2 0.09871668311944717
0.2 0.25 1.3491280026324448
0.2 0.4 0.19743336623889435
0.2 0.5 0.5593945376768674
0.2 0.6 0.03290556103981573
0.2 0.8 0.1316222441592629
0.2 1.6 0.03290556103981573
0.2 2.5 0.03290556103981573
0.2 5.2 0.03290556103981573
0.25 0.12 0.16452780519907864
0.25 0.2 1.5794669299111548
0.25 0.25 21.849292530437644
0.25 0.4 0.6581112207963146
0.25 0.47 0.03290556103981573
0.25 0.5 3.2905561039815727
0.25 0.75 0.46067785455742016
0.25 0.8 0.1316222441592629
0.25 0.94 0.06581112207963145
0.25 1.0 0.16452780519907864
0.25 1.5 0.1316222441592629
0.25 1.6 0.03290556103981573
0.4 0.03 0.03290556103981573
0.4 0.13 0.03290556103981573
0.4 0.2 0.03290556103981573
0.4 0.25 0.5264889766370516
0.4 0.4 9.904573872984535
0.4 0.5 5.001645278051991
0.4 0.94 0.09871668311944717
0.4 1.0 0.06581112207963145
0.4 1.25 0.03290556103981573
0.4 1.4 0.03290556103981573
0.4 1.5 0.06581112207963145
0.4 1.55 0.03290556103981573
0.4 1.6 0.03290556103981573
0.4 2.0 0.06581112207963145
0.47 0.4 0.03290556103981573
0.5 0.13 0.03290556103981573
0.5 0.2 0.3948667324777887
0.5 0.25 3.5538005923000986
0.5 0.4 4.606778545574202
0.5 0.5 26.32444883185258
0.5 0.6 0.03290556103981573
0.5 0.75 0.3290556103981573
0.5 0.8 0.361961171437973
0.5 0.94 0.09871668311944717
0.5 1.0 0.8555445870352089
0.5 1.2 0.1316222441592629
0.5 1.25 0.06581112207963145
0.5 1.4 0.03290556103981573
0.5 1.5 0.06581112207963145
0.5 1.6 0.5593945376768674
0.5 1.75 0.06581112207963145
0.5 16.4 0.03290556103981573
0.5 2.4 0.06581112207963145
0.5 2.5 0.5923000987166831
0.5 2.8 0.03290556103981573
0.5 3.0 0.361961171437973
0.5 3.2 0.1316222441592629
0.5 3.6 0.09871668311944717
0.5 4.5 0.06581112207963145
0.5 5.0 0.03290556103981573
0.5 5.2 0.03290556103981573
0.6 0.25 0.03290556103981573
0.6 0.5 0.03290556103981573
0.6 1.6 0.03290556103981573
0.75 0.25 0.7568279039157618
0.75 0.5 0.03290556103981573
0.8 0.2 0.361961171437973
0.8 0.4 0.06581112207963145
0.8 0.5 0.2632444883185258
0.8 1.0 0.06581112207963145
0.8 1.6 0.03290556103981573
0.87 0.12 0.03290556103981573
0.94 0.06 0.03290556103981573
0.94 0.13 0.03290556103981573
0.94 0.5 0.23033892727871008
0.94 0.87 0.03290556103981573
1.0 0.25 0.09871668311944717
1.0 0.4 0.23033892727871008
1.0 0.5 0.5264889766370516
1.0 0.8 0.09871668311944717
1.0 0.94 0.03290556103981573
1.0 1.0 1.1187890753537348
1.0 1.2 0.03290556103981573
1.0 1.5 0.06581112207963145
1.0 1.6 0.3948667324777887
1.0 2.0 0.1316222441592629
1.0 2.4 0.09871668311944717
1.0 2.5 0.16452780519907864
1.0 2.8 0.06581112207963145
1.0 3.0 0.03290556103981573
1.0 3.2 0.03290556103981573
1.0 3.6 0.09871668311944717
1.0 4.5 0.03290556103981573
1.0 5.0 0.06581112207963145
1.0 7.8 0.03290556103981573
1.2 0.5 0.19743336623889435
1.2 1.0 0.03290556103981573
1.25 0.25 0.06581112207963145
1.25 0.5 0.03290556103981573
1.4 0.4 0.03290556103981573
1.4 0.5 0.03290556103981573
1.5 0.12 0.03290556103981573
1.5 0.25 0.09871668311944717
1.5 0.5 0.19743336623889435
1.55 0.5 0.03290556103981573
1.6 0.4 0.06581112207963145
1.6 0.5 0.29615004935834155
1.6 0.8 0.03290556103981573
1.6 1.0 0.06581112207963145
1.6 1.2 0.03290556103981573
1.6 1.6 0.19743336623889435
1.6 1.8 0.09871668311944717
1.6 2.0 0.06581112207963145
1.6 2.4 0.03290556103981573
1.6 2.5 0.1316222441592629
1.6 3.0 0.03290556103981573
1.6 3.1 0.03290556103981573
1.6 3.2 0.1316222441592629
1.6 3.6 0.06581112207963145
1.6 4.4 0.03290556103981573
1.6 4.5 0.03290556103981573
1.6 5.1 0.03290556103981573
1.75 0.13 0.03290556103981573
1.75 0.25 0.03290556103981573
1.8 1.0 0.03290556103981573
1.8 2.0 0.03290556103981573
16.4 0.5 0.03290556103981573
2.0 0.5 0.03290556103981573
2.0 0.8 0.03290556103981573
2.0 1.0 0.2632444883185258
2.4 0.4 0.03290556103981573
2.4 0.5 0.06581112207963145
2.4 1.0 0.09871668311944717
2.5 0.5 0.9542612701546561
2.8 0.5 0.03290556103981573
2.8 1.0 0.03290556103981573
2.8 1.6 0.03290556103981573
3.0 0.5 0.2632444883185258
3.0 1.0 0.16452780519907864
3.1 0.5 0.03290556103981573
3.2 0.4 0.09871668311944717
3.2 0.5 0.1316222441592629
3.2 1.0 0.03290556103981573
3.2 3.6 0.03290556103981573
3.2 5.1 0.03290556103981573
3.6 0.5 0.09871668311944717
3.6 1.0 0.1316222441592629
3.6 3.9 0.03290556103981573
3.9 1.0 0.03290556103981573
4.4 1.0 0.03290556103981573
4.5 0.4 0.03290556103981573
4.5 0.5 0.09871668311944717
5.0 0.5 0.03290556103981573
5.0 1.0 0.03290556103981573
5.0 1.6 0.03290556103981573
5.1 0.8 0.03290556103981573
5.1 2.0 0.03290556103981573
5.2 0.25 0.03290556103981573
5.2 1.0 0.03290556103981573
7.8 1.0 0.03290556103981573
