3039
0 0 36
0 1 53
0 10 48
0 11 2
0 2 39
0 3 49
0 4 7
0 5 9
0 6 4
0 7 29
0 8 8
0 9 3
1 0 37
1 1 10
1 10 9
1 11 16
1 2 2
1 3 52
1 4 11
1 5 5
1 6 2
1 7 5
1 8 21
10 0 91
10 1 13
10 10 80
10 11 48
10 2 27
10 3 48
10 4 4
10 5 51
10 6 4
10 7 33
10 8 96
10 9 5
11 0 1
11 1 9
11 10 59
11 11 6
11 2 4
11 3 22
11 5 10
11 7 5
11 8 18
2 0 18
2 1 2
2 10 25
2 11 2
2 2 9
2 3 71
2 4 2
2 5 29
2 6 2
2 7 8
2 8 9
2 9 3
3 0 37
3 1 54
3 10 77
3 11 19
3 2 49
3 3 119
3 4 33
3 5 81
3 6 12
3 7 52
3 8 27
3 9 2
4 0 6
4 1 9
4 10 2
4 3 40
4 4 7
4 5 2
4 6 9
4 7 5
4 8 7
5 0 18
5 1 3
5 10 31
5 11 16
5 2 24
5 3 64
5 4 2
5 5 41
5 6 16
5 7 72
5 8 38
5 9 7
6 0 3
6 1 2
6 10 7
6 2 4
6 3 5
6 4 9
6 5 26
6 6 1
6 8 4
6 9 1
7 0 13
7 1 8
7 10 51
7 11 1
7 2 20
7 3 35
7 4 3
7 5 51
7 6 3
7 7 31
7 8 96
7 9 4
8 0 24
8 1 7
8 10 99
8 11 21
8 2 2
8 3 53
8 4 7
8 5 25
8 6 10
8 7 76
8 8 50
8 9 4
9 0 3
9 10 12
9 11 4
9 3 2
9 4 2
9 5 2
9 8 4
9 9 2
