1687
0 0 100
0 1 7
0 10 38
0 2 5
0 3 9
0 4 4
0 5 24
0 6 9
0 7 25
0 8 47
0 9 2
1 0 28
1 1 7
1 10 11
1 11 14
1 3 10
1 5 5
1 6 1
1 7 11
1 9 2
10 0 51
10 1 8
10 10 44
10 11 19
10 2 1
10 3 12
10 4 2
10 5 37
10 6 7
10 7 2
10 8 17
10 9 4
11 0 2
11 1 8
11 10 15
11 11 19
11 2 7
11 4 11
11 6 23
11 7 3
11 8 7
11 9 13
2 0 3
2 1 1
2 11 12
2 2 27
2 3 4
2 4 7
2 5 1
2 6 3
2 7 1
2 9 1
3 1 6
3 10 8
3 11 3
3 2 2
3 3 32
3 4 15
3 5 82
3 7 4
3 8 1
4 0 5
4 11 12
4 2 4
4 3 13
4 4 19
4 5 6
4 6 5
4 7 6
4 8 7
4 9 14
5 0 22
5 1 7
5 10 38
5 2 1
5 3 61
5 4 5
5 5 127
5 6 3
5 7 10
5 8 21
5 9 10
6 0 8
6 1 11
6 10 4
6 11 6
6 2 9
6 3 2
6 4 7
6 6 30
6 7 2
6 8 6
6 9 5
7 0 1
7 1 33
7 11 2
7 2 1
7 3 2
7 4 5
7 5 16
7 6 1
7 7 12
7 8 2
7 9 11
8 0 52
8 1 1
8 10 33
8 2 2
8 3 5
8 4 7
8 6 5
8 8 38
8 9 4
9 10 13
9 11 21
9 2 1
9 3 2
9 4 9
9 5 6
9 6 3
9 7 10
9 8 1
9 9 18
