0.13 0.13 5.749851807943094
0.13 0.25 2.430349733254298
0.13 0.38 1.4226437462951986
0.13 0.5 2.667457024303497
0.13 1.0 0.11855364552459988
0.25 0.13 2.4896265560165975
0.25 0.25 24.836988737403676
0.25 0.38 0.05927682276229994
0.25 0.5 9.365737996443391
0.25 0.75 5.6905749851807945
0.38 0.13 1.3633669235328987
0.38 0.25 0.11855364552459988
0.5 0.13 2.7860106698280975
0.5 0.25 9.247184350918792
0.5 0.5 24.422050978067574
0.5 1.0 0.17783046828689983
0.75 0.25 5.6905749851807945
1.0 0.5 0.11855364552459988
1.0 1.0 0.6520450503852994
1.0 3.0 0.2963841138114997
3.0 2.0 0.2963841138114997
