0 0 5.927682276229993
0 1 0.4149377593360996
0 10 2.2525192649673977
0 2 0.2963841138114997
0 3 0.5334914048606995
0 4 0.23710729104919975
0 5 1.4226437462951986
0 6 0.5334914048606995
0 7 1.4819205690574984
0 8 2.7860106698280975
0 9 0.11855364552459988
1 0 1.6597510373443984
1 1 0.4149377593360996
1 10 0.6520450503852994
1 11 0.8298755186721992
1 3 0.5927682276229994
1 5 0.2963841138114997
1 6 0.05927682276229994
1 7 0.6520450503852994
1 9 0.11855364552459988
10 0 3.023117960877297
10 1 0.4742145820983995
10 10 2.6081802015411975
10 11 1.1262596324836989
10 2 0.05927682276229994
10 3 0.7113218731475993
10 4 0.11855364552459988
10 5 2.1932424422050976
10 6 0.4149377593360996
10 7 0.11855364552459988
10 8 1.007705986959099
10 9 0.23710729104919975
11 0 0.11855364552459988
11 1 0.4742145820983995
11 10 0.8891523414344991
11 11 1.1262596324836989
11 2 0.4149377593360996
11 4 0.6520450503852994
11 6 1.3633669235328987
11 7 0.17783046828689983
11 8 0.4149377593360996
11 9 0.7705986959098993
2 0 0.17783046828689983
2 1 0.05927682276229994
2 11 0.7113218731475993
2 2 1.6004742145820983
2 3 0.23710729104919975
2 4 0.4149377593360996
2 5 0.05927682276229994
2 6 0.17783046828689983
2 7 0.05927682276229994
2 9 0.05927682276229994
3 1 0.35566093657379966
3 10 0.4742145820983995
3 11 0.17783046828689983
3 2 0.11855364552459988
3 3 1.896858328393598
3 4 0.8891523414344991
3 5 4.860699466508596
3 7 0.23710729104919975
3 8 0.05927682276229994
4 0 0.2963841138114997
4 11 0.7113218731475993
4 2 0.23710729104919975
4 3 0.7705986959098993
4 4 1.1262596324836989
4 5 0.35566093657379966
4 6 0.2963841138114997
4 7 0.35566093657379966
4 8 0.4149377593360996
4 9 0.8298755186721992
5 0 1.3040901007705987
5 1 0.4149377593360996
5 10 2.2525192649673977
5 2 0.05927682276229994
5 3 3.615886188500297
5 4 0.2963841138114997
5 5 7.528156490812092
5 6 0.17783046828689983
5 7 0.5927682276229994
5 8 1.2448132780082988
5 9 0.5927682276229994
6 0 0.4742145820983995
6 1 0.6520450503852994
6 10 0.23710729104919975
6 11 0.35566093657379966
6 2 0.5334914048606995
6 3 0.11855364552459988
6 4 0.4149377593360996
6 6 1.7783046828689981
6 7 0.11855364552459988
6 8 0.35566093657379966
6 9 0.2963841138114997
7 0 0.05927682276229994
7 1 1.956135151155898
7 11 0.11855364552459988
7 2 0.05927682276229994
7 3 0.11855364552459988
7 4 0.2963841138114997
7 5 0.948429164196799
7 6 0.05927682276229994
7 7 0.7113218731475993
7 8 0.11855364552459988
7 9 0.6520450503852994
8 0 3.082394783639597
8 1 0.05927682276229994
8 10 1.956135151155898
8 2 0.11855364552459988
8 3 0.2963841138114997
8 4 0.4149377593360996
8 6 0.2963841138114997
8 8 2.2525192649673977
8 9 0.23710729104919975
9 10 0.7705986959098993
9 11 1.2448132780082988
9 2 0.05927682276229994
9 3 0.11855364552459988
9 4 0.5334914048606995
9 5 0.35566093657379966
9 6 0.17783046828689983
9 7 0.5927682276229994
9 8 0.05927682276229994
9 9 1.066982809721399
