0.02154398563734291 0.9166666666666666 QuantisationException QuantisationException 0.012589928057553957 0.5027777777777778 0.38848920863309355 0.6151079136690647 0.10526315789473684 0.2 0.5285121156957074 0.5 QuantisationException QuantisationException 1.6875 1.0 0.009639776763064434 0.09712230215827339 0.7122302158273381 0.6274864376130199 0.5090579710144928 0.6094032549728752 0.5235507246376812
0.3333333333333333 0.0 QuantisationException QuantisationException 0.0 0.5 0.5 1.0 0.0 0.3333333333333333 0.4500000000000205 0.5 QuantisationException QuantisationException 0.0625 0.1666666666667172 NaN 1.0 0.0 NoteListException NoteListException NoteListException NoteListException
0.037037037037037035 1.0 QuantisationException QuantisationException 0.011936339522546418 0.5029045643153527 0.3819628647214854 0.4827586206896552 0.3 1.0 0.10542365865711546 0.0 QuantisationException QuantisationException 2.375 1.0 0.0010147133434804667 0.1830238726790451 0.5570291777188329 0.46524064171123 0.35656836461126007 0.4919786096256685 0.3672922252010724
0.03680981595092025 1.0 QuantisationException QuantisationException 0.026153846153846153 0.5034588777863183 0.3261538461538461 0.32 0.34285714285714286 1.0 0.10491681414434087 0.5 QuantisationException QuantisationException 2.6875 1.0 0.0 0.2953846153846154 0.5230769230769231 0.41304347826086957 0.308411214953271 0.5217391304347826 0.3987538940809969
0.013824884792626729 0.2916666666666667 QuantisationException QuantisationException 0.0 0.5 0.4722222222222222 0.6944444444444444 0.0 0.0064516129032258064 0.9992441484847078 0.0 QuantisationException QuantisationException 2.4375 1.0 0.007099391480730223 0.6944444444444444 0.37037037037037035 0.7230046948356808 0.5707547169811321 0.4694835680751174 0.3018867924528302
1.0 NoteListException QuantisationException QuantisationException NaN 0.5 NaN NoteListException 0.0 1.0 0.0 0.0 QuantisationException QuantisationException 0.0 NoteListException -0.0 NoteListException NoteListException NoteListException NoteListException NoteListException NoteListException
0.01728247914183552 1.0 QuantisationException QuantisationException 0.022659511031604056 0.4985875706214689 0.48598688133571855 0.5223613595706619 0.3333333333333333 0.25 0.7349885989359005 0.5 QuantisationException QuantisationException 3.1875 1.0 0.036511156186612576 0.09123434704830054 0.6320810971973763 0.6696535244922341 0.5475194261805141 0.7532855436081243 0.675433353257621
1.0 0.4166666666666667 QuantisationException QuantisationException 0.0 0.9090909090909091 0.3333333333333333 0.6666666666666666 1.0 1.0 0.6607142857142844 0.5 QuantisationException QuantisationException 0.125 0.125 0.0 0.0 0.0 NoteListException NoteListException NoteListException NoteListException
0.02987012987012987 1.0 QuantisationException QuantisationException 0.021456436931079324 0.4979818365287588 0.505851755526658 0.611183355006502 0.3404255319148936 0.08333333333333333 0.12061762343330969 0.0 QuantisationException QuantisationException 1.875 1.0 0.02450229709035222 0.11313394018205461 0.6905071521456437 0.5887728459530026 0.46405228758169936 0.6592689295039165 0.5633986928104575
0.5 0.041666666666666664 QuantisationException QuantisationException 0.0 0.3333333333333333 0.0 1.0 0.0 0.5 0.004321521175453747 0.5 QuantisationException QuantisationException 0.0625 0.09374999999999956 0.0 0.0 0.0 NoteListException NoteListException NoteListException NoteListException
0.015303430079155673 1.0 QuantisationException QuantisationException 0.016103484688489968 0.5005464480874317 0.5015839493136219 0.5517423442449841 0.3883495145631068 1.0 0.7025618721470823 0.5 QuantisationException QuantisationException 3.875 1.0 0.03955375253549696 0.09609292502639916 0.6494192185850053 0.641988365943945 0.5031746031746032 0.7466948704389212 0.6671957671957672
1.0 0.625 QuantisationException QuantisationException 0.5 0.0 0.5 0.5 0.0 1.0 0.0 0.5 QuantisationException QuantisationException 0.125 0.0890625 0.0 0.0 0.0 NoteListException NoteListException NoteListException NoteListException
0.027707808564231738 0.9166666666666666 QuantisationException QuantisationException 0.01828499369482976 0.5017318159327065 0.4426229508196721 0.5611601513240857 0.391304347826087 0.2 0.9861892107697963 0.0 QuantisationException QuantisationException 2.5625 1.0 0.021816336884830034 0.1437578814627995 0.6128625472887768 0.5569620253164557 0.41825095057034223 0.5670886075949367 0.46261089987325726
0.12962962962962962 0.7916666666666666 QuantisationException QuantisationException 0.028037383177570093 0.5 0.4672897196261682 0.6448598130841121 0.25 1.0 0.23142050799623679 0.0 QuantisationException QuantisationException 0.6875 1.0 0.06818181818181818 0.037383177570093455 0.5981308411214953 0.2403846153846154 0.0970873786407767 0.4423076923076923 0.34951456310679613
0.75 0.20833333333333334 QuantisationException QuantisationException 0.0 0.0 0.3333333333333333 0.6666666666666666 0.0 1.0 0.0 0.5 QuantisationException QuantisationException 0.0 0.6874999999999941 0.125 0.3333333333333333 0.0 NoteListException NoteListException NoteListException NoteListException
1.0 0.08333333333333333 QuantisationException QuantisationException 0.0 0.0 NoteListException 1.0 0.0 1.0 0.0 0.5 QuantisationException QuantisationException 0.0 NoteListException 0.25 0.0 0.0 NoteListException NoteListException NoteListException NoteListException
0.015515515515515516 1.0 QuantisationException QuantisationException 0.022033049574361543 0.49936119729877715 0.46670005007511267 0.499749624436655 0.34959349593495936 1.0 0.10577698579928131 0.5 QuantisationException QuantisationException 5.0625 1.0 0.03600405679513185 0.09113670505758638 0.6084126189283926 0.6484453360080241 0.5258404415454089 0.7231695085255767 0.6442548921224285
0.5 0.041666666666666664 QuantisationException QuantisationException 0.0 0.3333333333333333 0.0 1.0 0.0 0.5 0.004321521175453747 0.0 QuantisationException QuantisationException 0.0625 0.09374999999999956 0.0 0.0 0.0 NoteListException NoteListException NoteListException NoteListException
0.019425019425019424 1.0 QuantisationException QuantisationException 0.019051321928460343 0.4987363100252738 0.4214618973561431 0.4937791601866252 0.3380281690140845 1.0 0.9594628832024322 0.5 QuantisationException QuantisationException 4.125 1.0 0.02484787018255578 0.16174183514774496 0.5894245723172629 0.5455962587685113 0.39391575663026523 0.6936866718628215 0.5990639625585024
0.6666666666666666 0.125 QuantisationException QuantisationException 0.0 0.0 0.0 0.5 0.0 0.5 2.269967198973975E-4 0.5 QuantisationException QuantisationException 0.125 0.178125 0.0 0.5 0.0 NoteListException NoteListException NoteListException NoteListException
0.02109704641350211 1.0 QuantisationException QuantisationException 0.016469594594594593 0.4990494296577947 0.3597972972972973 0.37753378378378377 0.4 0.3333333333333333 0.9587028122624778 0.5 QuantisationException QuantisationException 3.9375 1.0 0.02434077079107505 0.17060810810810811 0.6055743243243243 0.45808636748518206 0.31864406779661014 0.7476714648602879 0.6610169491525424
0.018227009113504555 0.9166666666666666 QuantisationException QuantisationException 0.01451077943615257 0.5014781966001478 0.4767827529021559 0.6351575456053068 0.49019607843137253 0.25 0.9765045871153617 0.0 QuantisationException QuantisationException 2.625 1.0 0.05263157894736842 0.16003316749585406 0.5779436152570481 0.5336658354114713 0.34608985024958405 0.7107231920199502 0.6089850249584027
0.015151515151515152 0.9166666666666666 QuantisationException QuantisationException 0.011913357400722021 0.5010940919037199 0.4714801444043321 0.5971119133574008 0.3793103448275862 1.0 0.5050473758513707 0.0 QuantisationException QuantisationException 2.9375 1.0 0.05528973950026582 0.14007220216606497 0.5826714801444043 0.5369030390738061 0.3287472845763939 0.683068017366136 0.5771180304127443
0.6666666666666666 0.041666666666666664 QuantisationException QuantisationException 0.0 0.0 0.0 0.5 0.0 0.5 0.0011280315848843769 0.5 QuantisationException QuantisationException 0.0625 0.1562500000000355 0.0 0.5 0.0 NoteListException NoteListException NoteListException NoteListException
0.01303538175046555 0.8333333333333334 QuantisationException QuantisationException 0.012422360248447204 0.5005385029617663 0.4652173913043478 0.562111801242236 0.4142857142857143 0.08333333333333333 0.9299686612086039 0.0 QuantisationException QuantisationException 2.875 1.0 0.06017039403620873 0.14782608695652175 0.5869565217391305 0.5749844430616055 0.3592777085927771 0.7293092719352832 0.6288916562889165
0.014799154334038054 0.8333333333333334 QuantisationException QuantisationException 0.008110014104372355 0.5004505857614899 0.4619181946403385 0.5507757404795487 0.38235294117647056 1.0 0.5892313352452798 0.0 QuantisationException QuantisationException 3.1875 1.0 0.05910543130990415 0.16290550070521861 0.5669957686882934 0.5222614840989399 0.3203677510608204 0.6954063604240283 0.6018387553041018
0.01871440195280716 0.9166666666666666 QuantisationException QuantisationException 0.011400651465798045 0.5 0.4771986970684039 0.5504885993485342 0.611764705882353 1.0 0.02797016515716563 0.5 QuantisationException QuantisationException 2.625 1.0 0.03891257995735608 0.14413680781758959 0.6245928338762216 0.5542857142857143 0.3660130718954248 0.7461224489795918 0.6560457516339869
0.011089367253750815 1.0 QuantisationException QuantisationException 0.03295269168026101 0.49909801563439565 0.40717781402936376 0.39738988580750406 0.6656671664167916 0.25 0.7775558548933998 0.0 QuantisationException QuantisationException 3.0 1.0 0.06288032454361055 0.12071778140293637 0.5611745513866232 0.6423905943827564 0.5008167265599477 0.9356629653821033 0.8742241097680497
1.0 NoteListException 0.0 0.0 NaN 0.5 NaN NoteListException 0.0 1.0 0.0 0.5 1.0 1.0 0.0 NoteListException NaN NoteListException NoteListException NoteListException NoteListException NoteListException NoteListException
0.009491525423728813 1.0 QuantisationException QuantisationException 0.0340793489318413 0.49908606245239906 0.406578501186843 0.38623262122753477 0.6686746987951807 0.02040816326530612 0.9787179238152344 0.0 QuantisationException QuantisationException 3.0 1.0 0.061866125760649086 0.10851135978297728 0.5473041709053916 0.6371350984385608 0.49881154499151104 0.9348268839103869 0.8719864176570459
0.04505813953488372 1.0 QuantisationException QuantisationException 0.06186317321688501 0.5021186440677966 0.3624454148471616 0.4032023289665211 0.4939759036144578 0.5 0.46185788988003595 0.0 QuantisationException QuantisationException 2.125 1.0 0.07208872458410351 0.11062590975254731 0.5385735080058224 0.2719298245614035 0.14202049780380674 0.6564327485380117 0.5373352855051244
0.05504587155963303 1.0 QuantisationException QuantisationException 0.04595588235294118 0.5027190332326285 0.3952205882352941 0.4099264705882353 0.34782608695652173 1.0 0.41940941248846403 1.0 QuantisationException QuantisationException 2.5625 1.0 0.05268022181146026 0.13419117647058823 0.44485294117647056 0.2199630314232902 0.1111111111111111 0.6062846580406654 0.4648148148148148
0.13846153846153847 1.0 QuantisationException QuantisationException 0.09302325581395349 0.5063520871143375 0.32558139534883723 0.3178294573643411 0.32 0.5 0.9296887099272105 0.5 QuantisationException QuantisationException 2.25 0.74375 0.018604651162790697 0.17054263565891473 0.13178294573643412 0.007936507936507936 0.0 0.23015873015873015 0.136
0.6842105263157895 0.7916666666666666 QuantisationException QuantisationException 0.2222222222222222 0.56 0.4444444444444444 0.2222222222222222 0.5 1.0 0.1617364391594722 0.5 QuantisationException QuantisationException 0.8125 0.3973214285714286 0.0029354207436399216 0.0 0.1111111111111111 0.0 0.0 0.0 0.0
1.0 0.08333333333333333 QuantisationException QuantisationException 0.0 0.0 NoteListException 1.0 0.0 1.0 0.0 0.5 QuantisationException QuantisationException 0.0625 0.0921875 0.0 0.0 0.0 NoteListException NoteListException NoteListException NoteListException
1.0 NoteListException QuantisationException QuantisationException NaN 0.5 NaN NoteListException 0.0 1.0 0.0 1.0 QuantisationException QuantisationException 0.0 NoteListException -0.0 NoteListException NoteListException NoteListException NoteListException NoteListException NoteListException
0.0091324200913242 1.0 QuantisationException QuantisationException 0.03295269168026101 0.49909801563439565 0.40717781402936376 0.39738988580750406 0.6671664167916042 0.02040816326530612 0.9787179238152344 0.0 QuantisationException QuantisationException 3.0 1.0 0.06288032454361055 0.12071778140293637 0.5611745513866232 0.6423905943827564 0.5008167265599477 0.9356629653821033 0.8742241097680497
1.0 NoteListException 0.0 0.0 NaN 0.5 NaN NoteListException 0.0 1.0 0.0 0.5 1.0 1.0 0.0 NoteListException NaN NoteListException NoteListException NoteListException NoteListException NoteListException NoteListException
