0.024534686971235193 1.0 QuantisationException QuantisationException 0.057578323454699404 0.5014513788098693 0.3937341236240474 0.35478408128704486 0.5 0.2 0.6164506839452853 0.5 QuantisationException QuantisationException 1.375 1.0 0.10649819494584838 0.07959356477561388 0.6452159187129551 0.367572156196944 0.1937128292268479 0.7385398981324278 0.659303313508921
0.059957173447537475 1.0 QuantisationException QuantisationException 0.08047210300429185 0.501150747986191 0.3497854077253219 0.4313304721030043 0.5125 1.0 0.6083513318934495 0.0 QuantisationException QuantisationException 3.1875 1.0 0.08844765342960288 0.13090128755364808 0.3133047210300429 0.10151187904967603 0.023809523809523808 0.47516198704103674 0.34415584415584416
0.2727272727272727 0.7916666666666666 QuantisationException QuantisationException 0.12962962962962962 0.4864864864864865 0.3333333333333333 0.2777777777777778 0.7333333333333333 1.0 0.7433405327573802 0.0 QuantisationException QuantisationException 1.625 1.0 0.036101083032490974 0.1111111111111111 0.2222222222222222 0.0 0.0 0.0784313725490196 0.04
1.0 NoteListException QuantisationException QuantisationException 1.0 1.0 NoteListException 0.0 0.0 1.0 0.02816901408450707 0.5 QuantisationException QuantisationException 0.0625 NoteListException 0.01818181818181818 0.0 0.0 NoteListException NoteListException NoteListException NoteListException
0.04397163120567376 1.0 QuantisationException QuantisationException 0.04332386363636364 0.5015344147303814 0.3806818181818182 0.4190340909090909 0.49230769230769234 1.0 0.4515838732901366 0.5 QuantisationException QuantisationException 1.375 1.0 0.05956678700361011 0.109375 0.5255681818181818 0.28530670470756064 0.15428571428571428 0.7874465049928673 0.6871428571428572
0.08870967741935484 1.0 QuantisationException QuantisationException 0.08906882591093117 0.5044510385756676 0.29554655870445345 0.38866396761133604 0.5116279069767442 0.5 0.35218803745461463 0.5 QuantisationException QuantisationException 1.9375 1.0 0.040229885057471264 0.12955465587044535 0.16194331983805668 0.00819672131147541 0.0 0.7663934426229508 0.6213991769547325
0.6923076923076923 0.7083333333333334 QuantisationException QuantisationException 0.16666666666666666 0.5301204819277109 0.3333333333333333 0.08333333333333333 0.75 1.0 0.9380979178390544 0.5 QuantisationException QuantisationException 0.5 0.5 0.005649717514124294 0.0 0.16666666666666666 0.0 0.0 0.0 0.0
1.0 NoteListException QuantisationException QuantisationException 1.0 1.0 NoteListException 0.0 0.0 1.0 0.009512485136741968 0.5 QuantisationException QuantisationException 0.0625 0.5 0.0 0.0 0.0 NoteListException NoteListException NoteListException NoteListException
0.06687898089171974 0.875 QuantisationException QuantisationException 0.019169329073482427 0.49080348499515974 0.3035143769968051 0.38977635782747605 0.28 0.07692307692307693 0.868255272528076 0.5 QuantisationException QuantisationException 1.1875 1.0 0.02197802197802198 0.1597444089456869 0.3258785942492013 0.1774193548387097 0.09385113268608414 0.9225806451612903 0.7928802588996764
0.18032786885245902 0.5833333333333334 QuantisationException QuantisationException 0.0 0.5227272727272727 0.13333333333333333 0.5333333333333333 0.0 0.08333333333333333 0.9998210563046337 0.5 QuantisationException QuantisationException 0.1875 1.0 0.0 0.0 0.8333333333333334 0.7017543859649122 0.6428571428571429 0.7017543859649122 0.625
