0 0 0.5866425992779783
0 1 0.13537906137184114
0 10 0.7220216606498195
0 11 0.04512635379061372
0 3 0.7671480144404332
0 4 0.631768953068592
0 5 8.34837545126354
0 6 0.4963898916967509
0 7 1.3989169675090252
0 8 7.851985559566788
0 9 0.6768953068592057
1 0 0.36101083032490977
1 1 0.45126353790613716
1 10 0.8122743682310468
1 3 0.09025270758122744
1 4 0.18050541516245489
1 5 1.3086642599277978
1 6 0.631768953068592
1 7 0.9927797833935018
1 8 2.166064981949458
1 9 0.13537906137184114
10 0 0.6768953068592057
10 1 0.2707581227436823
10 10 0.04512635379061372
10 3 0.7220216606498195
10 4 0.13537906137184114
10 5 0.8574007220216607
10 6 0.13537906137184114
10 7 3.2490974729241873
10 8 0.8122743682310468
11 2 0.22563176895306858
11 3 0.09025270758122744
11 4 0.315884476534296
11 5 0.4061371841155234
11 6 0.04512635379061372
11 7 0.36101083032490977
11 8 0.631768953068592
11 9 0.2707581227436823
2 0 0.04512635379061372
2 11 0.2707581227436823
2 3 0.09025270758122744
2 4 0.04512635379061372
2 5 0.13537906137184114
2 7 0.04512635379061372
2 8 0.13537906137184114
3 0 1.6696750902527078
3 1 0.4963898916967509
3 10 0.947653429602888
3 11 0.13537906137184114
3 2 0.04512635379061372
3 3 0.4061371841155234
3 4 0.13537906137184114
3 5 0.7671480144404332
3 6 0.04512635379061372
3 7 0.947653429602888
3 8 0.947653429602888
3 9 0.5415162454873645
4 0 0.7220216606498195
4 1 0.4963898916967509
4 10 0.18050541516245489
4 11 0.5415162454873645
4 3 0.22563176895306858
4 4 0.315884476534296
4 5 0.09025270758122744
4 6 0.13537906137184114
4 7 0.18050541516245489
4 8 0.7671480144404332
4 9 0.13537906137184114
5 0 10.559566787003611
5 1 1.4891696750902528
5 10 2.0758122743682312
5 11 0.5866425992779783
5 2 0.2707581227436823
5 3 1.083032490974729
5 4 0.04512635379061372
5 5 2.256317689530686
5 7 0.45126353790613716
5 8 2.3465703971119134
5 9 0.09025270758122744
6 0 0.4963898916967509
6 1 0.5866425992779783
6 10 0.09025270758122744
6 11 0.13537906137184114
6 2 0.04512635379061372
6 3 0.2707581227436823
6 4 0.09025270758122744
6 5 0.04512635379061372
6 8 0.18050541516245489
6 9 0.18050541516245489
7 0 1.083032490974729
7 1 1.1732851985559567
7 10 1.3086642599277978
7 11 0.18050541516245489
7 3 1.8501805054151623
7 4 0.315884476534296
7 5 1.5342960288808665
7 7 0.09025270758122744
7 8 0.4061371841155234
7 9 0.09025270758122744
8 0 5.099277978339351
8 1 1.8050541516245486
8 10 0.7220216606498195
8 11 0.315884476534296
8 2 0.13537906137184114
8 3 1.1732851985559567
8 4 1.263537906137184
8 5 5.2797833935018055
8 6 0.2707581227436823
8 7 0.13537906137184114
8 8 0.5866425992779783
9 0 0.315884476534296
9 1 0.22563176895306858
9 11 0.13537906137184114
9 2 0.04512635379061372
9 3 0.315884476534296
9 4 0.315884476534296
9 5 0.18050541516245489
9 6 0.36101083032490977
9 7 0.18050541516245489
9 8 0.04512635379061372
