0.08 0.08 0.4963898916967509
0.08 4.0 0.04512635379061372
0.17 0.17 69.58483754512635
0.17 0.25 0.4061371841155234
0.17 0.33 7.716606498194946
0.17 0.5 0.04512635379061372
0.25 0.08 0.04512635379061372
0.25 0.17 0.4061371841155234
0.25 0.25 5.324909747292419
0.33 0.17 7.716606498194946
0.5 0.25 0.04512635379061372
0.5 0.5 0.09025270758122744
0.5 1.0 0.09025270758122744
0.5 3.5 0.04512635379061372
0.5 3.75 0.04512635379061372
1.0 0.5 0.04512635379061372
1.0 1.0 7.761732851985561
1.0 3.0 0.04512635379061372
1.0 3.25 0.04512635379061372
