2216
0 0 13
0 1 3
0 10 16
0 11 1
0 3 17
0 4 14
0 5 185
0 6 11
0 7 31
0 8 174
0 9 15
1 0 8
1 1 10
1 10 18
1 3 2
1 4 4
1 5 29
1 6 14
1 7 22
1 8 48
1 9 3
10 0 15
10 1 6
10 10 1
10 3 16
10 4 3
10 5 19
10 6 3
10 7 72
10 8 18
11 2 5
11 3 2
11 4 7
11 5 9
11 6 1
11 7 8
11 8 14
11 9 6
2 0 1
2 11 6
2 3 2
2 4 1
2 5 3
2 7 1
2 8 3
3 0 37
3 1 11
3 10 21
3 11 3
3 2 1
3 3 9
3 4 3
3 5 17
3 6 1
3 7 21
3 8 21
3 9 12
4 0 16
4 1 11
4 10 4
4 11 12
4 3 5
4 4 7
4 5 2
4 6 3
4 7 4
4 8 17
4 9 3
5 0 234
5 1 33
5 10 46
5 11 13
5 2 6
5 3 24
5 4 1
5 5 50
5 7 10
5 8 52
5 9 2
6 0 11
6 1 13
6 10 2
6 11 3
6 2 1
6 3 6
6 4 2
6 5 1
6 8 4
6 9 4
7 0 24
7 1 26
7 10 29
7 11 4
7 3 41
7 4 7
7 5 34
7 7 2
7 8 9
7 9 2
8 0 113
8 1 40
8 10 16
8 11 7
8 2 3
8 3 26
8 4 28
8 5 117
8 6 6
8 7 3
8 8 13
9 0 7
9 1 5
9 11 3
9 2 1
9 3 7
9 4 7
9 5 4
9 6 8
9 7 4
9 8 1
