645
0 1 35
0 10 13
0 2 1
0 3 14
0 4 1
0 6 1
0 7 2
0 8 16
0 9 2
1 0 21
1 1 1
1 10 12
1 3 23
1 4 5
1 5 3
1 6 1
1 7 4
1 8 8
10 0 28
10 1 4
10 11 7
10 2 7
10 3 6
10 4 5
10 5 2
10 7 11
10 8 15
11 10 4
11 2 1
11 8 3
2 0 2
2 10 6
2 3 5
3 0 13
3 1 16
3 10 7
3 2 3
3 3 1
3 4 11
3 5 20
3 6 3
3 7 4
3 8 10
3 9 6
4 1 10
4 10 3
4 3 11
4 6 5
4 7 3
4 8 5
5 0 2
5 1 6
5 2 1
5 3 5
5 6 9
5 7 16
5 8 7
6 0 2
6 3 3
6 4 7
6 5 4
6 8 11
6 9 1
7 0 1
7 10 12
7 3 9
7 4 3
7 5 4
7 8 24
8 0 14
8 1 5
8 10 27
8 11 1
8 3 14
8 4 5
8 5 12
8 6 6
8 7 13
8 8 4
8 9 4
9 0 3
9 3 3
9 5 1
9 6 3
9 8 3
645
0.25 0.25 582
0.25 0.5 4
0.25 0.75 10
0.25 1.0 1
0.25 1.25 2
0.25 3.0 1
0.5 0.25 1
0.5 0.5 7
0.5 1.25 4
0.75 0.25 10
1.0 0.25 1
1.0 1.0 2
1.0 3.0 2
1.25 0.25 6
3.0 3.0 12
