0 1 5.426356589147287
0 10 2.0155038759689923
0 2 0.15503875968992248
0 3 2.1705426356589146
0 4 0.15503875968992248
0 6 0.15503875968992248
0 7 0.31007751937984496
0 8 2.4806201550387597
0 9 0.31007751937984496
1 0 3.255813953488372
1 1 0.15503875968992248
1 10 1.8604651162790697
1 3 3.565891472868217
1 4 0.7751937984496124
1 5 0.46511627906976744
1 6 0.15503875968992248
1 7 0.6201550387596899
1 8 1.2403100775193798
10 0 4.341085271317829
10 1 0.6201550387596899
10 11 1.0852713178294573
10 2 1.0852713178294573
10 3 0.9302325581395349
10 4 0.7751937984496124
10 5 0.31007751937984496
10 7 1.7054263565891472
10 8 2.3255813953488373
11 10 0.6201550387596899
11 2 0.15503875968992248
11 8 0.46511627906976744
2 0 0.31007751937984496
2 10 0.9302325581395349
2 3 0.7751937984496124
3 0 2.0155038759689923
3 1 2.4806201550387597
3 10 1.0852713178294573
3 2 0.46511627906976744
3 3 0.15503875968992248
3 4 1.7054263565891472
3 5 3.10077519379845
3 6 0.46511627906976744
3 7 0.6201550387596899
3 8 1.550387596899225
3 9 0.9302325581395349
4 1 1.550387596899225
4 10 0.46511627906976744
4 3 1.7054263565891472
4 6 0.7751937984496124
4 7 0.46511627906976744
4 8 0.7751937984496124
5 0 0.31007751937984496
5 1 0.9302325581395349
5 2 0.15503875968992248
5 3 0.7751937984496124
5 6 1.3953488372093024
5 7 2.4806201550387597
5 8 1.0852713178294573
6 0 0.31007751937984496
6 3 0.46511627906976744
6 4 1.0852713178294573
6 5 0.6201550387596899
6 8 1.7054263565891472
6 9 0.15503875968992248
7 0 0.15503875968992248
7 10 1.8604651162790697
7 3 1.3953488372093024
7 4 0.46511627906976744
7 5 0.6201550387596899
7 8 3.7209302325581395
8 0 2.1705426356589146
8 1 0.7751937984496124
8 10 4.186046511627907
8 11 0.15503875968992248
8 3 2.1705426356589146
8 4 0.7751937984496124
8 5 1.8604651162790697
8 6 0.9302325581395349
8 7 2.0155038759689923
8 8 0.6201550387596899
8 9 0.6201550387596899
9 0 0.46511627906976744
9 3 0.46511627906976744
9 5 0.15503875968992248
9 6 0.46511627906976744
9 8 0.46511627906976744
