0 0 1.06951871657754
0 1 2.0053475935828877
0 10 1.4705882352941175
0 11 0.4679144385026738
0 2 0.3342245989304813
0 3 0.4010695187165776
0 4 0.6684491978609626
0 5 2.6737967914438503
0 6 0.267379679144385
0 7 1.6711229946524064
0 8 1.6711229946524064
0 9 0.6016042780748663
1 0 1.1363636363636365
1 1 1.6042780748663104
1 10 0.6684491978609626
1 2 0.1336898395721925
1 3 2.874331550802139
1 4 0.6016042780748663
1 5 0.2005347593582888
1 7 0.6016042780748663
1 8 2.0053475935828877
1 9 0.267379679144385
10 0 1.9385026737967916
10 10 0.7352941176470588
10 11 0.1336898395721925
10 2 0.53475935828877
10 3 1.2700534759358288
10 4 0.267379679144385
10 7 1.0026737967914439
10 8 1.8716577540106951
10 9 0.1336898395721925
11 0 0.8689839572192514
11 10 0.06684491978609625
11 2 0.2005347593582888
11 3 0.06684491978609625
11 4 0.4010695187165776
2 0 0.06684491978609625
2 1 0.2005347593582888
2 10 0.267379679144385
2 11 0.1336898395721925
2 2 0.6016042780748663
2 3 0.06684491978609625
2 4 0.6016042780748663
2 6 0.06684491978609625
2 7 0.2005347593582888
2 8 0.2005347593582888
2 9 0.06684491978609625
3 0 1.8716577540106951
3 1 1.2032085561497325
3 10 0.8021390374331552
3 2 0.3342245989304813
3 3 3.074866310160428
3 4 2.0053475935828877
3 5 0.53475935828877
3 6 0.06684491978609625
3 7 1.0026737967914439
3 8 4.010695187165775
3 9 0.06684491978609625
4 0 1.7379679144385027
4 1 0.06684491978609625
4 10 0.06684491978609625
4 11 0.3342245989304813
4 3 1.6042780748663104
4 4 0.4010695187165776
4 5 1.06951871657754
4 6 0.53475935828877
4 7 0.4010695187165776
4 8 1.2700534759358288
4 9 1.1363636363636365
5 0 1.0026737967914439
5 1 0.6016042780748663
5 10 0.1336898395721925
5 2 0.06684491978609625
5 3 0.7352941176470588
5 4 1.4705882352941175
5 5 0.8689839572192514
5 6 0.6016042780748663
5 7 0.7352941176470588
5 8 0.53475935828877
5 9 0.06684491978609625
6 0 0.1336898395721925
6 1 0.2005347593582888
6 10 0.1336898395721925
6 2 0.1336898395721925
6 4 0.4679144385026738
6 6 0.1336898395721925
6 7 0.4010695187165776
6 8 0.3342245989304813
6 9 0.06684491978609625
7 0 1.6711229946524064
7 1 1.1363636363636365
7 10 0.6016042780748663
7 11 0.06684491978609625
7 2 0.06684491978609625
7 3 0.9358288770053476
7 4 0.7352941176470588
7 5 0.8689839572192514
7 7 1.0026737967914439
7 8 1.4705882352941175
7 9 0.6684491978609626
8 0 1.4037433155080214
8 1 3.0080213903743314
8 10 2.606951871657754
8 11 0.1336898395721925
8 3 4.077540106951872
8 4 0.3342245989304813
8 5 0.4679144385026738
8 6 0.1336898395721925
8 7 1.6042780748663104
8 8 5.614973262032086
8 9 0.267379679144385
9 0 0.4010695187165776
9 1 0.06684491978609625
9 10 0.3342245989304813
9 11 0.4010695187165776
9 2 0.06684491978609625
9 3 0.06684491978609625
9 4 0.6684491978609626
9 5 0.06684491978609625
9 6 0.2005347593582888
9 7 0.6016042780748663
9 8 0.4679144385026738
