1496
0 0 16
0 1 30
0 10 22
0 11 7
0 2 5
0 3 6
0 4 10
0 5 40
0 6 4
0 7 25
0 8 25
0 9 9
1 0 17
1 1 24
1 10 10
1 2 2
1 3 43
1 4 9
1 5 3
1 7 9
1 8 30
1 9 4
10 0 29
10 10 11
10 11 2
10 2 8
10 3 19
10 4 4
10 7 15
10 8 28
10 9 2
11 0 13
11 10 1
11 2 3
11 3 1
11 4 6
2 0 1
2 1 3
2 10 4
2 11 2
2 2 9
2 3 1
2 4 9
2 6 1
2 7 3
2 8 3
2 9 1
3 0 28
3 1 18
3 10 12
3 2 5
3 3 46
3 4 30
3 5 8
3 6 1
3 7 15
3 8 60
3 9 1
4 0 26
4 1 1
4 10 1
4 11 5
4 3 24
4 4 6
4 5 16
4 6 8
4 7 6
4 8 19
4 9 17
5 0 15
5 1 9
5 10 2
5 2 1
5 3 11
5 4 22
5 5 13
5 6 9
5 7 11
5 8 8
5 9 1
6 0 2
6 1 3
6 10 2
6 2 2
6 4 7
6 6 2
6 7 6
6 8 5
6 9 1
7 0 25
7 1 17
7 10 9
7 11 1
7 2 1
7 3 14
7 4 11
7 5 13
7 7 15
7 8 22
7 9 10
8 0 21
8 1 45
8 10 39
8 11 2
8 3 61
8 4 5
8 5 7
8 6 2
8 7 24
8 8 84
8 9 4
9 0 6
9 1 1
9 10 5
9 11 6
9 2 1
9 3 1
9 4 10
9 5 1
9 6 3
9 7 9
9 8 7
