0.25 0.25 67.8475935828877
0.25 0.5 1.0026737967914439
0.25 1.0 0.7352941176470588
0.25 2.0 0.3342245989304813
0.25 3.5 0.06684491978609625
0.25 7.5 0.06684491978609625
0.5 0.25 0.6684491978609626
0.5 0.5 14.63903743315508
0.5 1.0 2.2058823529411766
0.5 2.0 0.2005347593582888
0.5 3.5 0.06684491978609625
0.5 3.75 0.06684491978609625
0.5 4.5 0.06684491978609625
0.5 6.75 0.06684491978609625
0.5 7.0 0.06684491978609625
0.5 8.0 0.06684491978609625
1.0 0.25 1.06951871657754
1.0 0.5 2.13903743315508
1.0 1.0 6.350267379679145
1.0 1.5 0.2005347593582888
1.0 2.0 0.1336898395721925
1.0 2.75 0.06684491978609625
1.0 3.5 0.1336898395721925
1.0 5.0 0.06684491978609625
1.5 0.5 0.1336898395721925
1.5 1.0 0.1336898395721925
2.0 0.25 0.1336898395721925
2.0 0.5 0.1336898395721925
2.0 1.0 0.3342245989304813
2.0 1.5 0.06684491978609625
3.5 1.0 0.267379679144385
3.75 3.75 0.06684491978609625
4.5 1.0 0.06684491978609625
5.0 0.5 0.06684491978609625
6.75 3.0 0.06684491978609625
7.0 3.25 0.06684491978609625
7.5 3.5 0.06684491978609625
8.0 4.0 0.06684491978609625
