0 0 0.2717391304347826
0 1 3.804347826086957
0 10 1.0869565217391304
0 11 0.2717391304347826
0 3 2.1739130434782608
0 4 0.2717391304347826
0 8 2.1739130434782608
1 0 2.4456521739130435
1 1 0.5434782608695652
1 10 1.358695652173913
1 11 0.2717391304347826
1 2 0.2717391304347826
1 3 2.989130434782609
1 4 0.8152173913043478
1 5 0.5434782608695652
1 6 0.2717391304347826
1 7 0.2717391304347826
1 8 1.0869565217391304
1 9 0.8152173913043478
10 0 2.989130434782609
10 1 0.8152173913043478
10 11 0.5434782608695652
10 2 0.5434782608695652
10 3 0.5434782608695652
10 4 0.2717391304347826
10 5 0.2717391304347826
10 6 0.2717391304347826
10 7 1.9021739130434785
10 8 1.9021739130434785
11 0 0.2717391304347826
11 1 0.5434782608695652
11 10 1.0869565217391304
11 3 0.5434782608695652
11 8 0.2717391304347826
11 9 0.2717391304347826
2 1 0.2717391304347826
2 10 0.5434782608695652
2 3 0.5434782608695652
2 5 0.8152173913043478
3 0 1.6304347826086956
3 1 2.8532608695652173
3 10 1.0869565217391304
3 11 0.5434782608695652
3 2 1.0869565217391304
3 3 2.0380434782608696
3 4 1.0869565217391304
3 5 3.260869565217391
3 6 0.8152173913043478
3 7 0.5434782608695652
3 8 0.8152173913043478
3 9 1.6304347826086956
4 1 0.5434782608695652
4 3 2.4456521739130435
4 5 0.2717391304347826
4 6 0.2717391304347826
4 8 0.2717391304347826
5 1 0.2717391304347826
5 10 0.2717391304347826
5 2 0.2717391304347826
5 3 0.8152173913043478
5 6 1.9021739130434785
5 7 2.4456521739130435
5 8 2.1739130434782608
6 0 0.2717391304347826
6 1 0.5434782608695652
6 3 1.0869565217391304
6 4 0.2717391304347826
6 5 1.358695652173913
6 8 1.6304347826086956
6 9 0.2717391304347826
7 1 0.2717391304347826
7 10 1.9021739130434785
7 11 0.5434782608695652
7 3 1.9021739130434785
7 4 0.1358695652173913
7 5 0.5434782608695652
7 7 0.2717391304347826
7 8 2.4456521739130435
8 0 1.6304347826086956
8 1 1.2228260869565217
8 10 2.717391304347826
8 11 0.2717391304347826
8 3 2.1739130434782608
8 4 0.8152173913043478
8 5 1.0869565217391304
8 6 1.358695652173913
8 7 2.717391304347826
8 8 1.6304347826086956
8 9 0.8152173913043478
9 0 0.4076086956521739
9 11 0.5434782608695652
9 3 0.2717391304347826
9 4 0.1358695652173913
9 6 0.5434782608695652
9 8 1.9021739130434785
