736
0 0 2
0 1 28
0 10 8
0 11 2
0 3 16
0 4 2
0 8 16
1 0 18
1 1 4
1 10 10
1 11 2
1 2 2
1 3 22
1 4 6
1 5 4
1 6 2
1 7 2
1 8 8
1 9 6
10 0 22
10 1 6
10 11 4
10 2 4
10 3 4
10 4 2
10 5 2
10 6 2
10 7 14
10 8 14
11 0 2
11 1 4
11 10 8
11 3 4
11 8 2
11 9 2
2 1 2
2 10 4
2 3 4
2 5 6
3 0 12
3 1 21
3 10 8
3 11 4
3 2 8
3 3 15
3 4 8
3 5 24
3 6 6
3 7 4
3 8 6
3 9 12
4 1 4
4 3 18
4 5 2
4 6 2
4 8 2
5 1 2
5 10 2
5 2 2
5 3 6
5 6 14
5 7 18
5 8 16
6 0 2
6 1 4
6 3 8
6 4 2
6 5 10
6 8 12
6 9 2
7 1 2
7 10 14
7 11 4
7 3 14
7 4 1
7 5 4
7 7 2
7 8 18
8 0 12
8 1 9
8 10 20
8 11 2
8 3 16
8 4 6
8 5 8
8 6 10
8 7 20
8 8 12
8 9 6
9 0 3
9 11 4
9 3 2
9 4 1
9 6 4
9 8 14
