739
0 0 2
0 1 20
0 10 32
0 2 6
0 3 23
0 4 3
0 5 6
0 7 4
0 8 20
1 0 44
1 1 2
1 10 4
1 3 12
1 4 6
1 5 4
1 7 4
1 8 12
1 9 4
10 0 20
10 1 8
10 3 6
10 4 6
10 5 4
10 6 6
10 7 4
10 8 30
2 3 8
2 5 2
2 8 2
3 0 14
3 1 33
3 10 6
3 2 4
3 3 4
3 4 12
3 5 8
3 6 2
3 7 8
3 8 22
3 9 2
4 0 2
4 1 10
4 10 8
4 3 16
4 7 2
4 8 6
5 0 6
5 10 4
5 3 10
5 6 10
5 7 8
5 8 2
6 0 4
6 1 2
6 10 4
6 4 4
6 5 8
6 8 10
7 0 4
7 1 4
7 10 10
7 3 11
7 4 2
7 5 4
7 8 20
8 0 20
8 1 13
8 10 15
8 2 2
8 3 23
8 4 10
8 5 4
8 6 14
8 7 26
8 9 8
9 3 2
9 8 12
739
0.25 0.25 704
0.25 0.71 1
0.25 0.75 3
0.25 1.0 8
0.25 1.25 2
0.75 0.25 3
1.0 0.25 2
1.0 1.0 3
1.0 1.25 5
1.25 0.25 8
