0 0 0.2706359945872801
0 1 2.706359945872801
0 10 4.330175913396482
0 2 0.8119079837618403
0 3 3.1123139377537212
0 4 0.40595399188092013
0 5 0.8119079837618403
0 7 0.5412719891745602
0 8 2.706359945872801
1 0 5.953991880920163
1 1 0.2706359945872801
1 10 0.5412719891745602
1 3 1.6238159675236805
1 4 0.8119079837618403
1 5 0.5412719891745602
1 7 0.5412719891745602
1 8 1.6238159675236805
1 9 0.5412719891745602
10 0 2.706359945872801
10 1 1.0825439783491204
10 3 0.8119079837618403
10 4 0.8119079837618403
10 5 0.5412719891745602
10 6 0.8119079837618403
10 7 0.5412719891745602
10 8 4.059539918809202
2 3 1.0825439783491204
2 5 0.2706359945872801
2 8 0.2706359945872801
3 0 1.8944519621109608
3 1 4.465493910690121
3 10 0.8119079837618403
3 2 0.5412719891745602
3 3 0.5412719891745602
3 4 1.6238159675236805
3 5 1.0825439783491204
3 6 0.2706359945872801
3 7 1.0825439783491204
3 8 2.9769959404600814
3 9 0.2706359945872801
4 0 0.2706359945872801
4 1 1.3531799729364005
4 10 1.0825439783491204
4 3 2.165087956698241
4 7 0.2706359945872801
4 8 0.8119079837618403
5 0 0.8119079837618403
5 10 0.5412719891745602
5 3 1.3531799729364005
5 6 1.3531799729364005
5 7 1.0825439783491204
5 8 0.2706359945872801
6 0 0.5412719891745602
6 1 0.2706359945872801
6 10 0.5412719891745602
6 4 0.5412719891745602
6 5 1.0825439783491204
6 8 1.3531799729364005
7 0 0.5412719891745602
7 1 0.5412719891745602
7 10 1.3531799729364005
7 3 1.4884979702300407
7 4 0.2706359945872801
7 5 0.5412719891745602
7 8 2.706359945872801
8 0 2.706359945872801
8 1 1.7591339648173208
8 10 2.029769959404601
8 2 0.2706359945872801
8 3 3.1123139377537212
8 4 1.3531799729364005
8 5 0.5412719891745602
8 6 1.8944519621109608
8 7 3.5182679296346415
8 9 1.0825439783491204
9 3 0.2706359945872801
9 8 1.6238159675236805
