0 0 0.018491013914260043
0 1 0.027634575792436503
0 10 0.024551358770426312
0 11 5.53652949113658E-4
0 2 0.006207875133025896
0 3 0.010176273816193852
0 4 8.55344077073795E-4
0 5 0.007253848219525052
0 6 0.0015316626496437724
0 7 0.0063835853504092726
0 8 0.009103778432731167
0 9 0.001536635580324434
1 0 0.025894050054204944
1 1 0.009947519004883418
1 10 0.008377730553354574
1 11 0.00787214926748731
1 2 0.0018930289457718486
1 3 0.026298515082898755
1 4 0.0034445833181382672
1 5 0.007754456574711653
1 6 0.002373745578235803
1 7 0.0012283138781234149
1 8 0.009667377243206147
1 9 0.0014172852439885556
10 0 0.02850318101799206
10 1 0.010366902825619213
10 10 0.01831530369687667
10 11 0.010834358309601402
10 2 0.0019411006090182441
10 3 0.006739978715856687
10 4 0.001639409481058107
10 5 0.011029960249707427
10 6 0.0041855499895568455
10 7 0.006274180875434717
10 8 0.03169082958429615
10 9 0.0028279399137362293
11 0 6.03382255920274E-4
11 1 0.006710141131772717
11 10 0.011883646683221
11 11 0.0026290226865097652
11 2 0.0010559189478604794
11 3 0.003623608822642085
11 4 2.983758408396959E-4
11 5 7.144443744550497E-4
11 6 0.0018598760745674378
11 7 3.54735721887194E-4
11 8 0.003094820526931735
11 9 0.0018035161935199399
2 0 0.004553546859925804
2 1 0.0023389350634711718
2 10 0.0016725623522625176
2 11 9.713791262892323E-4
2 2 0.002009063994987286
2 3 0.009524819897027182
2 4 0.001405681739067012
2 5 0.0029754701905958564
2 6 6.879220774915211E-4
2 7 8.818663740373235E-4
2 8 7.873806911047531E-4
2 9 7.774348297434299E-4
3 0 0.0084606127313656
3 1 0.025923887638288914
3 10 0.01262958628532024
3 11 0.002902533873946153
3 2 0.007779321228114961
3 3 0.019149098407667597
3 4 0.009753574708337615
3 5 0.029378416817788505
3 6 0.006192956340983911
3 7 0.0061598034697795
3 8 0.006957130022245577
3 9 0.0010625495221013616
4 0 6.862644339313006E-4
4 1 0.003098135814052176
4 10 8.55344077073795E-4
4 11 6.299045528838025E-4
4 2 0.0012017915811598863
4 3 0.011227219833373669
4 4 0.001916235955614936
4 5 0.0018217502726823656
4 6 0.0037462744460984043
4 7 0.0011371434823112855
4 8 0.003041775933004678
4 9 3.3484399916454763E-4
5 0 0.011590243773061965
5 1 0.006640520102243455
5 10 0.006078578935328694
5 11 0.001355952432260396
5 2 0.00292408324022902
5 3 0.025565836629281278
5 4 0.0015101132833609055
5 5 0.019619869178770226
5 6 0.016195177583354606
5 7 0.020170206840763445
5 8 0.01169467531735586
5 9 0.001210079798960989
6 0 7.575431070207836E-4
6 1 0.004624825533015286
6 10 0.00485358034432572
6 11 8.470558592726923E-4
6 2 5.2878829571035E-4
6 3 0.005034263492389758
6 4 0.00454194335500426
6 5 0.01645542762230923
6 6 0.005563051788100108
6 7 5.801752460771866E-4
6 8 0.014671803151511937
6 9 0.0014719874814758333
7 0 0.0030997934576123963
7 1 0.002065423876034784
7 10 0.007890383346649736
7 11 5.768599589567455E-4
7 2 0.0016775352829431793
7 3 0.005403918006318937
7 4 0.0011006753239864338
7 5 0.017030629937705755
7 6 6.77976216130198E-4
7 7 0.006761528082139554
7 8 0.024501629463619695
7 9 0.002476519478969476
8 0 0.010486253161955091
8 1 0.004954696601499173
8 10 0.03374796524252983
8 11 0.0039866327623303815
8 2 9.100463145610726E-4
8 3 0.013014159591291404
8 4 0.0026986437160390277
8 5 0.009373974333047114
8 6 0.015576876535392348
8 7 0.021441619451452593
8 8 0.016385806592779967
8 9 0.00466460897846058
9 0 0.0012830161156106926
9 1 0.0018482725696458942
9 10 0.003487682050704001
9 11 0.0014653569072349511
9 2 4.5750962262086707E-4
9 3 6.149857608418177E-4
9 4 5.32103582830791E-4
9 5 0.0010774683141433464
9 6 0.0013261148481764262
9 7 0.0019079477378138334
9 8 0.005579628223702314
9 9 0.00136921358074216
