603266
0 0 11155
0 1 16671
0 10 14811
0 11 334
0 2 3745
0 3 6139
0 4 516
0 5 4376
0 6 924
0 7 3851
0 8 5492
0 9 927
1 0 15621
1 1 6001
1 10 5054
1 11 4749
1 2 1142
1 3 15865
1 4 2078
1 5 4678
1 6 1432
1 7 741
1 8 5832
1 9 855
10 0 17195
10 1 6254
10 10 11049
10 11 6536
10 2 1171
10 3 4066
10 4 989
10 5 6654
10 6 2525
10 7 3785
10 8 19118
10 9 1706
11 0 364
11 1 4048
11 10 7169
11 11 1586
11 2 637
11 3 2186
11 4 180
11 5 431
11 6 1122
11 7 214
11 8 1867
11 9 1088
2 0 2747
2 1 1411
2 10 1009
2 11 586
2 2 1212
2 3 5746
2 4 848
2 5 1795
2 6 415
2 7 532
2 8 475
2 9 469
3 0 5104
3 1 15639
3 10 7619
3 11 1751
3 2 4693
3 3 11552
3 4 5884
3 5 17723
3 6 3736
3 7 3716
3 8 4197
3 9 641
4 0 414
4 1 1869
4 10 516
4 11 380
4 2 725
4 3 6773
4 4 1156
4 5 1099
4 6 2260
4 7 686
4 8 1835
4 9 202
5 0 6992
5 1 4006
5 10 3667
5 11 818
5 2 1764
5 3 15423
5 4 911
5 5 11836
5 6 9770
5 7 12168
5 8 7055
5 9 730
6 0 457
6 1 2790
6 10 2928
6 11 511
6 2 319
6 3 3037
6 4 2740
6 5 9927
6 6 3356
6 7 350
6 8 8851
6 9 888
7 0 1870
7 1 1246
7 10 4760
7 11 348
7 2 1012
7 3 3260
7 4 664
7 5 10274
7 6 409
7 7 4079
7 8 14781
7 9 1494
8 0 6326
8 1 2989
8 10 20359
8 11 2405
8 2 549
8 3 7851
8 4 1628
8 5 5655
8 6 9397
8 7 12935
8 8 9885
8 9 2814
9 0 774
9 1 1115
9 10 2104
9 11 884
9 2 276
9 3 371
9 4 321
9 5 650
9 6 800
9 7 1151
9 8 3366
9 9 826
