0 0 0.02547994671391186
0 1 0.029740128887416232
0 10 0.03982256003137658
0 11 6.085974533577674E-5
0 2 0.007627754748750684
0 3 0.012374814884941271
0 4 2.569633691955018E-4
0 5 0.0196171245798987
0 6 0.0011360485796011659
0 7 0.008689419195163679
0 8 0.007242309694957432
0 9 5.747864837267803E-4
1 0 0.031951366301282785
1 1 0.0031106092060508113
1 10 0.005402992947031735
1 11 0.0034149079327296947
1 2 2.163902056383173E-4
1 3 0.02568957472562398
1 4 6.35646229062557E-4
1 5 0.009669937314462303
1 6 0.0010549022524867968
1 7 0.001480920469837234
1 8 0.006694571986935441
1 9 8.79085210405664E-5
10 0 0.03876765777888978
10 1 0.009724034865871884
10 10 0.02078022193520466
10 11 0.005078407638574259
10 2 0.0027386885401099533
10 3 0.013274186677125526
10 4 2.569633691955018E-4
10 5 0.023512148281388413
10 6 0.002535822722324031
10 7 0.005653194122301039
10 8 0.03611687775982039
10 9 0.00300917629715785
11 0 2.163902056383173E-4
11 1 0.0022382861895713447
11 10 0.005646431928374842
11 11 3.2458530845747593E-4
11 2 6.085974533577674E-5
11 3 0.0014876826637634313
11 4 2.0286581778592246E-5
11 5 3.0429872667888367E-4
11 6 6.153596472839648E-4
11 7 4.0573163557184493E-4
11 8 6.35646229062557E-4
11 9 2.0286581778592246E-5
2 0 0.00855417531663973
2 1 2.7048775704789663E-5
2 10 0.0017175972572541435
2 11 4.7335357483381906E-5
2 2 0.002048944759637817
2 3 0.00996747384721499
2 4 2.0286581778592246E-5
2 5 0.003022700685010245
2 6 2.5020117526930436E-4
2 7 0.0027386885401099533
2 8 5.071645444648062E-4
2 9 4.192560234242398E-4
3 0 0.007986151026839148
3 1 0.02938173260932777
3 10 0.01627660078035718
3 11 8.723230164794666E-4
3 2 0.01007566895003415
3 3 0.012706162387324943
3 4 0.0034554810962868793
3 5 0.03675928618280915
3 6 0.003739493241187171
3 7 0.005497663661998498
3 8 0.00897343134006397
3 9 2.704877570478966E-4
4 0 3.6515847201466046E-4
4 1 2.975365327526863E-4
4 10 1.4876826637634315E-4
4 11 2.163902056383173E-4
4 3 0.003536627423401248
4 4 2.0286581778592247E-4
4 5 1.6229265422873797E-4
4 6 0.0011969083249369426
4 7 1.4876826637634315E-4
4 8 9.26420567889046E-4
4 9 6.762193926197416E-6
5 0 0.01949540508922715
5 1 0.006714858568714034
5 10 0.021206240152555095
5 11 4.0573163557184493E-4
5 2 0.0024343898134310694
5 3 0.03942359058973093
5 4 1.1495729674535606E-4
5 5 0.03181612242275884
5 6 0.013078083053265802
5 7 0.022917075215883043
5 8 0.013706967088402161
5 9 6.559328108411493E-4
6 0 6.762193926197416E-4
6 1 0.00219771302601416
6 10 0.004909352790419323
6 11 1.4200607245014573E-4
6 2 3.989694416456475E-4
6 3 0.0017175972572541435
6 4 0.0015079692455420236
6 5 0.01566800332699941
6 6 8.993717921842563E-4
6 7 3.922072477194501E-4
6 8 0.007059730458950102
6 9 3.381096963098708E-5
7 0 0.008642083837680297
7 1 0.0016973106754755512
7 10 0.007445175512743355
7 11 2.704877570478966E-4
7 2 0.0026981153765527686
7 3 0.004070840743570844
7 4 1.1495729674535606E-4
7 5 0.023167276391152347
7 6 8.79085210405664E-5
7 7 0.006545803720559098
7 8 0.024898398036258883
7 9 0.0018257923600733022
8 0 0.009696986090167094
8 1 0.004206084622094792
8 10 0.034892920659178664
8 11 0.0012239571006417323
8 2 4.530669930552268E-4
8 3 0.011502491868461804
8 4 5.680242898005829E-4
8 5 0.008074059547879714
8 6 0.010975040742218405
8 7 0.025155361405454386
8 8 0.008878760625097206
8 9 9.467071496676381E-5
9 0 6.965059743983338E-4
9 1 1.4200607245014573E-4
9 10 0.0032458530845747595
9 11 2.0286581778592246E-5
9 2 4.733535748338191E-4
9 3 2.2991459349071212E-4
9 4 3.381096963098708E-5
9 5 3.7868285986705525E-4
9 6 5.409755140957933E-5
9 7 0.0016837862876231565
9 8 6.085974533577674E-5
9 9 2.4343898134310696E-4
