147881
0 0 3768
0 1 4398
0 10 5889
0 11 9
0 2 1128
0 3 1830
0 4 38
0 5 2901
0 6 168
0 7 1285
0 8 1071
0 9 85
1 0 4725
1 1 460
1 10 799
1 11 505
1 2 32
1 3 3799
1 4 94
1 5 1430
1 6 156
1 7 219
1 8 990
1 9 13
10 0 5733
10 1 1438
10 10 3073
10 11 751
10 2 405
10 3 1963
10 4 38
10 5 3477
10 6 375
10 7 836
10 8 5341
10 9 445
11 0 32
11 1 331
11 10 835
11 11 48
11 2 9
11 3 220
11 4 3
11 5 45
11 6 91
11 7 60
11 8 94
11 9 3
2 0 1265
2 1 4
2 10 254
2 11 7
2 2 303
2 3 1474
2 4 3
2 5 447
2 6 37
2 7 405
2 8 75
2 9 62
3 0 1181
3 1 4345
3 10 2407
3 11 129
3 2 1490
3 3 1879
3 4 511
3 5 5436
3 6 553
3 7 813
3 8 1327
3 9 40
4 0 54
4 1 44
4 10 22
4 11 32
4 3 523
4 4 30
4 5 24
4 6 177
4 7 22
4 8 137
4 9 1
5 0 2883
5 1 993
5 10 3136
5 11 60
5 2 360
5 3 5830
5 4 17
5 5 4705
5 6 1934
5 7 3389
5 8 2027
5 9 97
6 0 100
6 1 325
6 10 726
6 11 21
6 2 59
6 3 254
6 4 223
6 5 2317
6 6 133
6 7 58
6 8 1044
6 9 5
7 0 1278
7 1 251
7 10 1101
7 11 40
7 2 399
7 3 602
7 4 17
7 5 3426
7 6 13
7 7 968
7 8 3682
7 9 270
8 0 1434
8 1 622
8 10 5160
8 11 181
8 2 67
8 3 1701
8 4 84
8 5 1194
8 6 1623
8 7 3720
8 8 1313
8 9 14
9 0 103
9 1 21
9 10 480
9 11 3
9 2 70
9 3 34
9 4 5
9 5 56
9 6 8
9 7 249
9 8 9
9 9 36
