81225
0 0 1535
0 1 782
0 10 735
0 11 409
0 2 412
0 3 628
0 4 592
0 5 1211
0 6 245
0 7 672
0 8 1079
0 9 560
1 0 732
1 1 1060
1 10 576
1 11 407
1 2 341
1 3 722
1 4 444
1 5 426
1 6 463
1 7 430
1 8 841
1 9 296
10 0 816
10 1 420
10 10 954
10 11 313
10 2 300
10 3 672
10 4 303
10 5 677
10 6 191
10 7 700
10 8 759
10 9 396
11 0 334
11 1 449
11 10 410
11 11 825
11 2 370
11 3 296
11 4 540
11 5 210
11 6 402
11 7 344
11 8 421
11 9 386
2 0 436
2 1 403
2 10 280
2 11 345
2 2 746
2 3 405
2 4 428
2 5 324
2 6 260
2 7 465
2 8 222
2 9 417
3 0 696
3 1 659
3 10 628
3 11 297
3 2 376
3 3 1351
3 4 473
3 5 789
3 6 279
3 7 588
3 8 1092
3 9 300
4 0 609
4 1 487
4 10 326
4 11 563
4 2 397
4 3 477
4 4 985
4 5 581
4 6 455
4 7 534
4 8 460
4 9 680
5 0 1322
5 1 460
5 10 582
5 11 238
5 2 390
5 3 640
5 4 401
5 5 2021
5 6 367
5 7 868
5 8 791
5 9 383
6 0 207
6 1 441
6 10 186
6 11 425
6 2 239
6 3 356
6 4 455
6 5 397
6 6 691
6 7 270
6 8 463
6 9 383
7 0 726
7 1 392
7 10 624
7 11 346
7 2 465
7 3 571
7 4 554
7 5 632
7 6 349
7 7 1057
7 8 901
7 9 611
8 0 950
8 1 894
8 10 855
8 11 378
8 2 256
8 3 1183
8 4 533
8 5 829
8 6 393
8 7 864
8 8 1512
8 9 415
9 0 504
9 1 286
9 10 342
9 11 445
9 2 436
9 3 247
9 4 852
9 5 358
9 6 419
9 7 429
9 8 519
9 9 1223
