0 0 0.018898122499230532
0 1 0.009627577716220375
0 10 0.00904893813481071
0 11 0.005035395506309634
0 2 0.005072329947676208
0 3 0.00773160972606956
0 4 0.007288396429670668
0 5 0.014909202831640505
0 6 0.0030163127116035705
0 7 0.00827331486611265
0 8 0.013284087411511235
0 9 0.006894429055093875
1 0 0.009012003693444137
1 1 0.013050169282856263
1 10 0.007091412742382271
1 11 0.005010772545398584
1 2 0.004198214835333949
1 3 0.008888888888888889
1 4 0.0054662973222530005
1 5 0.005244690674053555
1 6 0.005700215450907971
1 7 0.005293936595875654
1 8 0.010353955063096337
1 9 0.003644198214835334
10 0 0.010046168051708219
10 1 0.005170821791320407
10 10 0.011745152354570637
10 11 0.003853493382579255
10 2 0.003693444136657433
10 3 0.00827331486611265
10 4 0.0037303785780240075
10 5 0.008334872268390274
10 6 0.0023514927670052325
10 7 0.008618036318867343
10 8 0.009344413665743305
10 9 0.004875346260387812
11 0 0.004112034472145276
11 1 0.005527854724530625
11 10 0.005047706986765158
11 11 0.010156971375807941
11 2 0.004555247768544168
11 3 0.003644198214835334
11 4 0.006648199445983379
11 5 0.0025854108956602033
11 6 0.00494921514312096
11 7 0.004235149276700523
11 8 0.005183133271775931
11 9 0.0047522314558325635
2 0 0.0053678054786088026
2 1 0.004961526623576485
2 10 0.0034472145275469377
2 11 0.004247460757156048
2 2 0.009184364419821484
2 3 0.004986149584487534
2 4 0.005269313634964605
2 5 0.003988919667590028
2 6 0.003200984918436442
2 7 0.005724838411819021
2 8 0.0027331486611265002
2 9 0.005133887349953832
3 0 0.008568790397045245
3 1 0.008113265620190827
3 10 0.00773160972606956
3 11 0.003656509695290859
3 2 0.004629116651277316
3 3 0.016632810095413973
3 4 0.00582333025546322
3 5 0.009713758079409048
3 6 0.003434903047091413
3 7 0.0072391505078485685
3 8 0.013444136657433057
3 9 0.003693444136657433
4 0 0.007497691597414589
4 1 0.005995690981840566
4 10 0.004013542628501077
4 11 0.006931363496460449
4 2 0.0048876577408433364
4 3 0.005872576177285318
4 4 0.012126808248691905
4 5 0.007152970144659895
4 6 0.005601723607263773
4 7 0.006574330563250231
4 8 0.005663281009541397
4 9 0.008371806709756848
5 0 0.016275777162203756
5 1 0.005663281009541397
5 10 0.00716528162511542
5 11 0.002930132348414897
5 2 0.004801477377654663
5 3 0.007879347491535857
5 4 0.004936903662665436
5 5 0.024881502000615573
5 6 0.004518313327177593
5 7 0.010686365035395506
5 8 0.009738381040320099
5 9 0.004715297014465989
6 0 0.002548476454293629
6 1 0.005429362880886426
6 10 0.0022899353647276087
6 11 0.0052323791935980305
6 2 0.002942443828870422
6 3 0.004382887042166821
6 4 0.005601723607263773
6 5 0.0048876577408433364
6 6 0.00850723299476762
6 7 0.0033240997229916896
6 8 0.005700215450907971
6 9 0.004715297014465989
7 0 0.008938134810710988
7 1 0.004826100338565713
7 10 0.0076823638042474605
7 11 0.004259772237611573
7 2 0.005724838411819021
7 3 0.007029855340104647
7 4 0.006820560172360726
7 5 0.007780855647891659
7 6 0.004296706678978147
7 7 0.013013234841489689
7 8 0.011092643890427824
7 9 0.007522314558325639
8 0 0.011695906432748537
8 1 0.011006463527239151
8 10 0.010526315789473684
8 11 0.004653739612188366
8 2 0.003151738996614343
8 3 0.01456448137888581
8 4 0.006562019082794706
8 5 0.01020621729763004
8 6 0.004838411819021237
8 7 0.010637119113573408
8 8 0.018614958448753462
8 9 0.005109264389042782
9 0 0.006204986149584487
9 1 0.0035210834102800863
9 10 0.004210526315789474
9 11 0.005478608802708526
9 2 0.0053678054786088026
9 3 0.0030409356725146198
9 4 0.01048938134810711
9 5 0.00440751000307787
9 6 0.005158510310864881
9 7 0.005281625115420129
9 8 0.0063896583564173595
9 9 0.015056940597106803
