425914
0.03 0.04 1
0.03 0.05 2
0.03 0.25 1
0.03 0.42 1
0.03 0.49 2
0.04 0.04 392
0.04 0.05 1
0.04 0.06 2
0.04 0.08 6
0.04 0.1 4
0.04 0.11 46
0.04 0.12 3
0.04 0.13 7
0.04 0.21 5
0.04 0.24 1
0.04 0.25 3
0.04 0.27 3
0.04 0.36 2
0.04 0.37 1
0.04 0.38 1
0.04 0.47 1
0.04 0.5 2
0.04 1.0 2
0.04 1.5 1
0.05 0.03 2
0.05 0.04 1
0.05 0.05 72
0.05 0.06 10
0.05 0.07 5
0.05 0.1 8
0.05 0.11 1
0.05 0.13 3
0.05 0.16 8
0.05 0.17 2
0.05 0.18 1
0.05 0.2 49
0.05 0.24 1
0.05 0.25 1
0.05 0.29 1
0.05 0.3 2
0.05 0.32 5
0.05 0.33 2
0.05 0.49 10
0.05 0.5 6
0.05 0.58 1
0.05 0.7 4
0.05 1.0 6
0.05 1.5 1
0.05 1.75 1
0.05 2.0 1
0.06 0.03 1
0.06 0.04 4
0.06 0.05 3
0.06 0.06 1424
0.06 0.07 2
0.06 0.08 15
0.06 0.09 1
0.06 0.1 13
0.06 0.12 25
0.06 0.13 70
0.06 0.15 11
0.06 0.16 3
0.06 0.17 3
0.06 0.18 1
0.06 0.19 21
0.06 0.21 3
0.06 0.24 6
0.06 0.25 34
0.06 0.26 1
0.06 0.27 1
0.06 0.31 5
0.06 0.36 1
0.06 0.37 7
0.06 0.38 5
0.06 0.4 2
0.06 0.42 1
0.06 0.44 19
0.06 0.47 4
0.06 0.49 24
0.06 0.5 25
0.06 0.52 1
0.06 0.54 1
0.06 0.75 13
0.06 0.81 2
0.06 0.83 1
0.06 1.0 12
0.06 1.02 2
0.06 1.06 1
0.06 1.5 1
0.06 2.0 1
0.07 0.05 1
0.07 0.06 1
0.07 0.07 90
0.07 0.08 7
0.07 0.16 1
0.07 0.17 1
0.07 0.25 1
0.07 0.27 2
0.07 0.49 1
0.07 0.75 1
0.07 1.0 1
0.07 1.75 2
0.08 0.04 1
0.08 0.06 13
0.08 0.07 3
0.08 0.08 634
0.08 0.09 2
0.08 0.1 18
0.08 0.12 4
0.08 0.13 134
0.08 0.15 13
0.08 0.16 1
0.08 0.17 22
0.08 0.19 2
0.08 0.21 3
0.08 0.24 4
0.08 0.25 42
0.08 0.27 3
0.08 0.29 1
0.08 0.31 3
0.08 0.33 4
0.08 0.37 2
0.08 0.38 3
0.08 0.42 1
0.08 0.49 11
0.08 0.5 10
0.08 0.52 1
0.08 0.66 1
0.08 0.67 1
0.08 0.69 1
0.08 0.75 8
0.08 0.77 2
0.08 0.83 4
0.08 0.98 3
0.08 0.99 1
0.08 1.0 32
0.08 1.04 1
0.08 1.17 1
0.08 1.25 6
0.08 1.5 3
0.08 1.75 1
0.09 0.06 1
0.09 0.07 1
0.09 0.08 2
0.09 0.09 318
0.09 0.1 7
0.09 0.11 2
0.09 0.12 25
0.09 0.13 26
0.09 0.15 1
0.09 0.16 16
0.09 0.17 1
0.09 0.18 1
0.09 0.19 4
0.09 0.21 1
0.09 0.22 2
0.09 0.23 1
0.09 0.24 1
0.09 0.25 2
0.09 0.29 1
0.09 0.47 1
0.09 0.5 2
0.09 0.57 1
0.09 0.63 2
0.09 0.75 1
0.09 0.83 1
0.09 0.84 1
0.09 1.0 4
0.09 1.65 1
0.1 0.04 8
0.1 0.06 13
0.1 0.08 12
0.1 0.09 3
0.1 0.1 247
0.1 0.11 9
0.1 0.12 21
0.1 0.13 23
0.1 0.15 34
0.1 0.17 1
0.1 0.19 10
0.1 0.2 1
0.1 0.21 8
0.1 0.23 11
0.1 0.24 2
0.1 0.25 35
0.1 0.27 14
0.1 0.28 2
0.1 0.33 2
0.1 0.37 2
0.1 0.38 2
0.1 0.41 1
0.1 0.42 35
0.1 0.48 11
0.1 0.49 5
0.1 0.5 11
0.1 0.51 1
0.1 0.52 3
0.1 0.56 2
0.1 0.58 1
0.1 0.61 1
0.1 0.62 1
0.1 0.67 2
0.1 0.71 2
0.1 0.72 1
0.1 0.73 1
0.1 0.75 2
0.1 0.77 2
0.1 0.83 1
0.1 0.91 2
0.1 0.96 3
0.1 0.98 1
0.1 0.99 2
0.1 1.0 17
0.1 1.02 2
0.1 1.13 2
0.1 1.21 1
0.1 1.28 1
0.1 1.49 2
0.1 1.5 1
0.1 1.68 2
0.1 1.99 1
0.1 2.0 1
0.1 3.0 4
0.1 4.0 1
0.11 0.04 31
0.11 0.05 3
0.11 0.09 1
0.11 0.1 1
0.11 0.11 415
0.11 0.12 27
0.11 0.13 72
0.11 0.14 8
0.11 0.15 3
0.11 0.17 9
0.11 0.18 1
0.11 0.19 2
0.11 0.2 3
0.11 0.21 1
0.11 0.22 2
0.11 0.24 9
0.11 0.25 18
0.11 0.32 2
0.11 0.33 1
0.11 0.36 4
0.11 0.37 1
0.11 0.38 4
0.11 0.49 7
0.11 0.5 18
0.11 0.62 1
0.11 0.65 8
0.11 0.75 17
0.11 0.83 1
0.11 0.84 1
0.11 0.9 2
0.11 0.97 1
0.11 0.99 1
0.11 1.0 13
0.11 1.01 1
0.11 1.17 1
0.11 1.49 1
0.11 1.5 1
0.11 1.68 1
0.11 1.75 4
0.11 2.0 6
0.11 3.08 1
0.11 3.68 1
0.11 4.83 1
0.12 0.04 3
0.12 0.05 4
0.12 0.06 20
0.12 0.08 13
0.12 0.09 1
0.12 0.1 43
0.12 0.11 47
0.12 0.12 4781
0.12 0.13 126
0.12 0.16 3
0.12 0.17 37
0.12 0.19 26
0.12 0.2 4
0.12 0.21 14
0.12 0.23 3
0.12 0.24 18
0.12 0.25 262
0.12 0.27 2
0.12 0.31 1
0.12 0.33 16
0.12 0.36 4
0.12 0.37 63
0.12 0.38 126
0.12 0.4 11
0.12 0.42 4
0.12 0.44 1
0.12 0.47 2
0.12 0.48 1
0.12 0.49 109
0.12 0.5 186
0.12 0.57 1
0.12 0.58 1
0.12 0.62 2
0.12 0.63 6
0.12 0.71 1
0.12 0.75 18
0.12 0.83 68
0.12 0.86 1
0.12 0.87 4
0.12 0.88 4
0.12 0.89 1
0.12 0.92 2
0.12 0.96 1
0.12 0.97 1
0.12 0.99 8
0.12 1.0 67
0.12 1.12 1
0.12 1.2 1
0.12 1.25 3
0.12 1.33 3
0.12 1.37 4
0.12 1.38 2
0.12 1.49 2
0.12 1.5 9
0.12 1.59 1
0.12 1.63 7
0.12 1.68 1
0.12 1.75 9
0.12 1.87 3
0.12 2.0 11
0.12 2.12 1
0.12 2.63 2
0.12 3.0 2
0.12 3.25 1
0.12 4.5 1
0.13 0.04 7
0.13 0.05 1
0.13 0.06 38
0.13 0.08 80
0.13 0.09 18
0.13 0.1 39
0.13 0.11 96
0.13 0.12 288
0.13 0.13 9059
0.13 0.14 2
0.13 0.15 9
0.13 0.16 10
0.13 0.17 111
0.13 0.18 1
0.13 0.19 21
0.13 0.2 17
0.13 0.21 7
0.13 0.22 1
0.13 0.23 5
0.13 0.24 22
0.13 0.25 482
0.13 0.27 3
0.13 0.28 1
0.13 0.29 1
0.13 0.32 1
0.13 0.33 20
0.13 0.34 1
0.13 0.35 1
0.13 0.37 31
0.13 0.38 228
0.13 0.4 37
0.13 0.42 11
0.13 0.43 1
0.13 0.46 1
0.13 0.47 3
0.13 0.49 127
0.13 0.5 241
0.13 0.53 1
0.13 0.54 1
0.13 0.6 1
0.13 0.61 6
0.13 0.63 64
0.13 0.67 2
0.13 0.73 1
0.13 0.74 2
0.13 0.75 55
0.13 0.79 1
0.13 0.8 4
0.13 0.81 1
0.13 0.83 50
0.13 0.86 12
0.13 0.87 4
0.13 0.88 12
0.13 0.89 2
0.13 0.92 2
0.13 0.93 1
0.13 0.94 3
0.13 0.98 4
0.13 0.99 32
0.13 1.0 181
0.13 1.01 1
0.13 1.08 1
0.13 1.13 4
0.13 1.21 2
0.13 1.25 3
0.13 1.37 4
0.13 1.38 38
0.13 1.5 7
0.13 1.54 1
0.13 1.59 1
0.13 1.6 1
0.13 1.62 6
0.13 1.63 9
0.13 1.68 4
0.13 1.71 2
0.13 1.75 15
0.13 1.87 7
0.13 1.88 10
0.13 1.96 1
0.13 1.99 2
0.13 2.0 20
0.13 2.13 5
0.13 2.25 3
0.13 2.38 11
0.13 2.51 1
0.13 2.88 2
0.13 3.0 1
0.13 3.25 1
0.13 3.51 1
0.13 3.87 2
0.13 3.88 1
0.13 4.0 2
0.13 6.0 1
0.14 0.11 2
0.14 0.12 3
0.14 0.13 7
0.14 0.15 1
0.14 0.17 2
0.14 0.18 1
0.14 0.19 1
0.14 0.2 1
0.14 0.22 3
0.14 0.25 2
0.14 0.4 1
0.14 0.47 1
0.14 0.49 1
0.14 0.5 1
0.14 0.78 1
0.14 3.14 1
0.14 7.73 1
0.15 0.05 2
0.15 0.06 10
0.15 0.08 11
0.15 0.1 41
0.15 0.11 1
0.15 0.12 7
0.15 0.13 18
0.15 0.14 1
0.15 0.15 133
0.15 0.16 5
0.15 0.17 1
0.15 0.18 1
0.15 0.19 44
0.15 0.21 10
0.15 0.23 3
0.15 0.25 9
0.15 0.27 3
0.15 0.28 4
0.15 0.29 1
0.15 0.33 2
0.15 0.4 2
0.15 0.41 1
0.15 0.42 1
0.15 0.44 2
0.15 0.46 1
0.15 0.48 1
0.15 0.5 4
0.15 0.64 1
0.15 0.66 1
0.15 0.71 1
0.15 0.88 1
0.15 0.94 1
0.15 1.0 1
0.15 1.02 2
0.15 1.16 1
0.15 7.28 1
0.16 0.04 1
0.16 0.05 11
0.16 0.06 7
0.16 0.08 1
0.16 0.09 20
0.16 0.1 1
0.16 0.12 2
0.16 0.13 9
0.16 0.14 1
0.16 0.15 3
0.16 0.16 84
0.16 0.17 46
0.16 0.18 36
0.16 0.19 1
0.16 0.2 1
0.16 0.22 1
0.16 0.24 4
0.16 0.25 3
0.16 0.3 1
0.16 0.32 2
0.16 0.34 1
0.16 0.38 2
0.16 0.4 1
0.16 0.41 1
0.16 0.42 2
0.16 0.44 1
0.16 0.48 1
0.16 0.49 2
0.16 0.5 4
0.16 0.59 1
0.16 0.62 1
0.16 0.63 1
0.16 0.73 2
0.16 0.84 1
0.16 0.99 6
0.16 1.0 1
0.16 1.17 1
0.16 1.2 1
0.16 1.93 1
0.16 1.99 1
0.16 2.0 2
0.16 2.25 1
0.16 3.68 1
0.17 0.04 1
0.17 0.05 3
0.17 0.06 11
0.17 0.07 3
0.17 0.08 48
0.17 0.09 2
0.17 0.1 10
0.17 0.11 13
0.17 0.12 10
0.17 0.13 64
0.17 0.14 2
0.17 0.15 16
0.17 0.16 58
0.17 0.17 19995
0.17 0.18 3
0.17 0.2 2
0.17 0.21 35
0.17 0.24 6
0.17 0.25 1077
0.17 0.29 2
0.17 0.3 2
0.17 0.33 125
0.17 0.37 2
0.17 0.38 35
0.17 0.4 2
0.17 0.42 17
0.17 0.44 1
0.17 0.48 1
0.17 0.49 324
0.17 0.5 1412
0.17 0.57 1
0.17 0.58 3
0.17 0.62 9
0.17 0.63 18
0.17 0.65 1
0.17 0.67 7
0.17 0.73 1
0.17 0.75 86
0.17 0.83 715
0.17 0.86 1
0.17 0.88 1
0.17 0.9 1
0.17 0.92 4
0.17 0.94 2
0.17 0.96 1
0.17 0.98 2
0.17 0.99 96
0.17 1.0 517
0.17 1.01 1
0.17 1.08 1
0.17 1.21 1
0.17 1.25 15
0.17 1.49 14
0.17 1.5 237
0.17 1.52 1
0.17 1.68 1
0.17 1.75 143
0.17 1.99 34
0.17 10.49 1
0.17 14.83 1
0.17 2.0 131
0.17 2.16 1
0.17 2.49 16
0.17 2.5 25
0.17 2.68 1
0.17 2.75 3
0.17 2.83 6
0.17 3.0 11
0.17 3.5 5
0.17 3.75 41
0.17 3.83 4
0.17 3.99 1
0.17 4.0 4
0.17 4.31 1
0.17 4.49 18
0.17 4.5 2
0.17 4.99 4
0.17 5.25 1
0.17 6.0 5
0.17 6.24 1
0.17 6.49 11
0.17 7.0 1
0.17 7.75 6
0.17 9.75 2
0.18 0.06 1
0.18 0.09 1
0.18 0.1 1
0.18 0.11 2
0.18 0.13 5
0.18 0.16 32
0.18 0.17 2
0.18 0.18 3
0.18 0.19 4
0.18 0.2 4
0.18 0.22 1
0.18 0.25 11
0.18 0.27 1
0.18 0.28 1
0.18 0.29 1
0.18 0.3 2
0.18 0.33 6
0.18 0.42 1
0.18 0.43 1
0.18 0.5 8
0.18 0.54 1
0.18 0.58 1
0.18 0.62 1
0.18 0.68 1
0.18 0.69 1
0.18 0.7 1
0.18 0.75 1
0.18 0.76 2
0.18 0.77 1
0.18 0.81 2
0.18 0.82 1
0.18 0.85 1
0.18 1.0 2
0.18 1.08 2
0.18 1.22 1
0.18 1.24 1
0.18 1.49 1
0.18 1.78 1
0.18 2.28 1
0.18 2.45 1
0.18 2.56 1
0.18 3.25 1
0.19 0.06 9
0.19 0.09 2
0.19 0.1 15
0.19 0.11 4
0.19 0.12 30
0.19 0.13 34
0.19 0.15 34
0.19 0.17 8
0.19 0.18 5
0.19 0.19 50
0.19 0.2 5
0.19 0.21 8
0.19 0.23 1
0.19 0.24 3
0.19 0.25 44
0.19 0.27 1
0.19 0.29 1
0.19 0.3 3
0.19 0.33 1
0.19 0.36 1
0.19 0.38 4
0.19 0.4 6
0.19 0.42 6
0.19 0.44 6
0.19 0.48 2
0.19 0.49 7
0.19 0.5 32
0.19 0.52 2
0.19 0.55 1
0.19 0.57 1
0.19 0.62 1
0.19 0.63 2
0.19 0.73 1
0.19 0.79 1
0.19 0.83 6
0.19 0.85 1
0.19 0.88 1
0.19 0.99 2
0.19 1.0 49
0.19 1.02 4
0.19 1.25 1
0.19 1.36 1
0.19 1.68 1
0.19 1.75 1
0.19 2.68 1
0.19 2.82 1
0.19 3.13 1
0.19 3.35 2
0.19 3.5 1
0.19 4.0 1
0.2 0.05 16
0.2 0.09 1
0.2 0.1 3
0.2 0.11 2
0.2 0.12 5
0.2 0.13 23
0.2 0.15 3
0.2 0.17 1
0.2 0.18 4
0.2 0.2 1106
0.2 0.21 17
0.2 0.25 131
0.2 0.28 8
0.2 0.29 3
0.2 0.3 24
0.2 0.31 9
0.2 0.32 2
0.2 0.33 6
0.2 0.34 4
0.2 0.36 1
0.2 0.37 1
0.2 0.38 2
0.2 0.39 1
0.2 0.4 25
0.2 0.42 1
0.2 0.48 1
0.2 0.49 1
0.2 0.5 61
0.2 0.53 4
0.2 0.55 5
0.2 0.56 4
0.2 0.57 4
0.2 0.58 4
0.2 0.61 4
0.2 0.63 4
0.2 0.67 3
0.2 0.7 2
0.2 0.75 15
0.2 0.77 1
0.2 0.79 6
0.2 0.8 4
0.2 0.82 2
0.2 0.83 1
0.2 0.89 1
0.2 0.9 3
0.2 1.0 132
0.2 1.08 2
0.2 1.09 3
0.2 1.1 2
0.2 1.17 1
0.2 1.25 6
0.2 1.3 1
0.2 1.38 2
0.2 1.5 15
0.2 1.54 1
0.2 1.6 2
0.2 1.75 5
0.2 2.0 2
0.2 2.4 6
0.2 4.0 1
0.2 4.25 2
0.21 0.04 1
0.21 0.05 5
0.21 0.06 1
0.21 0.1 8
0.21 0.11 2
0.21 0.12 56
0.21 0.13 57
0.21 0.15 4
0.21 0.16 2
0.21 0.17 17
0.21 0.18 1
0.21 0.19 3
0.21 0.2 6
0.21 0.21 5215
0.21 0.22 5
0.21 0.23 2
0.21 0.24 4
0.21 0.25 188
0.21 0.27 6
0.21 0.29 25
0.21 0.33 5
0.21 0.34 1
0.21 0.38 21
0.21 0.39 1
0.21 0.42 222
0.21 0.43 1
0.21 0.44 2
0.21 0.46 1
0.21 0.48 1
0.21 0.49 19
0.21 0.5 408
0.21 0.54 1
0.21 0.56 1
0.21 0.63 4
0.21 0.65 1
0.21 0.67 1
0.21 0.69 1
0.21 0.73 1
0.21 0.74 5
0.21 0.75 45
0.21 0.79 12
0.21 0.83 379
0.21 0.92 20
0.21 0.96 1
0.21 0.99 4
0.21 1.0 338
0.21 1.02 5
0.21 1.04 4
0.21 1.25 17
0.21 1.29 1
0.21 1.33 1
0.21 1.42 5
0.21 1.46 2
0.21 1.49 1
0.21 1.5 28
0.21 1.68 46
0.21 1.73 2
0.21 1.83 3
0.21 1.99 5
0.21 11.35 2
0.21 16.5 1
0.21 2.0 23
0.21 2.21 1
0.21 2.42 1
0.21 2.5 5
0.21 2.54 1
0.21 2.83 1
0.21 3.0 10
0.21 3.04 1
0.21 3.25 2
0.21 3.35 10
0.21 3.36 1
0.21 3.5 4
0.21 3.54 3
0.21 3.68 4
0.21 3.99 1
0.21 4.0 10
0.21 4.42 1
0.21 4.95 1
0.21 5.68 2
0.21 6.0 2
0.21 8.35 4
0.22 0.05 6
0.22 0.1 3
0.22 0.11 2
0.22 0.13 2
0.22 0.14 1
0.22 0.16 1
0.22 0.17 1
0.22 0.19 3
0.22 0.2 4
0.22 0.21 4
0.22 0.22 16
0.22 0.23 5
0.22 0.24 1
0.22 0.25 5
0.22 0.26 1
0.22 0.27 1
0.22 0.28 1
0.22 0.33 2
0.22 0.35 1
0.22 0.38 1
0.22 0.49 1
0.22 0.5 1
0.22 0.55 1
0.22 0.75 2
0.22 0.83 1
0.22 1.0 3
0.22 1.03 1
0.22 1.08 2
0.22 1.58 1
0.22 2.85 1
0.23 0.09 4
0.23 0.12 7
0.23 0.13 1
0.23 0.18 3
0.23 0.21 1
0.23 0.22 5
0.23 0.23 667
0.23 0.24 6
0.23 0.25 37
0.23 0.27 15
0.23 0.31 1
0.23 0.32 1
0.23 0.33 3
0.23 0.35 1
0.23 0.37 1
0.23 0.4 1
0.23 0.42 6
0.23 0.44 1
0.23 0.45 1
0.23 0.48 16
0.23 0.5 46
0.23 0.52 4
0.23 0.53 1
0.23 0.54 1
0.23 0.56 2
0.23 0.57 1
0.23 0.63 4
0.23 0.65 1
0.23 0.75 10
0.23 0.77 2
0.23 0.85 1
0.23 0.94 3
0.23 0.96 1
0.23 0.98 86
0.23 0.99 1
0.23 1.0 29
0.23 1.08 1
0.23 1.17 1
0.23 1.22 1
0.23 1.25 2
0.23 1.48 4
0.23 1.5 20
0.23 1.98 1
0.23 2.0 15
0.23 3.0 4
0.23 3.25 2
0.24 0.04 16
0.24 0.06 1
0.24 0.08 1
0.24 0.09 1
0.24 0.1 7
0.24 0.11 6
0.24 0.12 59
0.24 0.13 42
0.24 0.15 1
0.24 0.16 7
0.24 0.17 17
0.24 0.18 1
0.24 0.19 94
0.24 0.2 5
0.24 0.21 8
0.24 0.22 4
0.24 0.23 9
0.24 0.24 4176
0.24 0.25 714
0.24 0.26 85
0.24 0.27 5
0.24 0.29 1
0.24 0.32 1
0.24 0.33 2
0.24 0.37 2
0.24 0.38 2
0.24 0.42 10
0.24 0.46 4
0.24 0.47 1
0.24 0.48 8
0.24 0.49 171
0.24 0.5 658
0.24 0.51 12
0.24 0.52 1
0.24 0.6 1
0.24 0.63 1
0.24 0.67 5
0.24 0.74 4
0.24 0.75 47
0.24 0.76 3
0.24 0.78 1
0.24 0.83 72
0.24 0.84 2
0.24 0.88 1
0.24 0.9 2
0.24 0.94 2
0.24 0.99 122
0.24 1.0 235
0.24 1.01 3
0.24 1.04 1
0.24 1.16 1
0.24 1.22 1
0.24 1.24 4
0.24 1.25 2
0.24 1.47 2
0.24 1.49 10
0.24 1.5 52
0.24 1.68 7
0.24 1.75 6
0.24 1.83 1
0.24 1.99 13
0.24 2.0 50
0.24 2.01 1
0.24 2.99 1
0.24 3.0 6
0.24 3.35 2
0.24 3.75 1
0.24 3.99 5
0.24 4.0 8
0.24 4.5 1
0.24 5.0 2
0.24 5.49 1
0.24 5.99 1
0.24 8.35 1
0.24 8.5 1
0.25 0.04 3
0.25 0.05 30
0.25 0.06 30
0.25 0.07 2
0.25 0.08 39
0.25 0.09 4
0.25 0.1 29
0.25 0.11 14
0.25 0.12 168
0.25 0.13 423
0.25 0.15 11
0.25 0.16 3
0.25 0.17 1118
0.25 0.18 6
0.25 0.19 55
0.25 0.2 203
0.25 0.21 245
0.25 0.23 48
0.25 0.24 1021
0.25 0.25 78233
0.25 0.26 6
0.25 0.27 15
0.25 0.28 4
0.25 0.29 43
0.25 0.3 24
0.25 0.31 6
0.25 0.32 5
0.25 0.33 127
0.25 0.35 1
0.25 0.36 1
0.25 0.37 7
0.25 0.38 66
0.25 0.4 31
0.25 0.41 1
0.25 0.42 336
0.25 0.43 1
0.25 0.44 1
0.25 0.46 3
0.25 0.47 3
0.25 0.48 20
0.25 0.49 702
0.25 0.5 3742
0.25 0.51 2
0.25 0.53 1
0.25 0.54 7
0.25 0.55 1
0.25 0.56 3
0.25 0.57 1
0.25 0.6 3
0.25 0.61 2
0.25 0.62 1
0.25 0.63 95
0.25 0.65 1
0.25 0.66 1
0.25 0.67 31
0.25 0.71 1
0.25 0.72 6
0.25 0.73 1
0.25 0.74 17
0.25 0.75 1429
0.25 0.76 2
0.25 0.77 2
0.25 0.79 24
0.25 0.8 4
0.25 0.82 4
0.25 0.83 1473
0.25 0.85 9
0.25 0.88 4
0.25 0.89 8
0.25 0.91 8
0.25 0.92 14
0.25 0.94 9
0.25 0.96 4
0.25 0.98 65
0.25 0.99 303
0.25 1.0 3211
0.25 1.01 2
0.25 1.02 3
0.25 1.04 1
0.25 1.06 3
0.25 1.07 1
0.25 1.08 3
0.25 1.09 1
0.25 1.1 2
0.25 1.12 1
0.25 1.13 5
0.25 1.17 1
0.25 1.2 22
0.25 1.25 62
0.25 1.26 1
0.25 1.33 3
0.25 1.47 1
0.25 1.49 15
0.25 1.5 311
0.25 1.58 2
0.25 1.59 10
0.25 1.6 2
0.25 1.68 43
0.25 1.75 648
0.25 1.76 1
0.25 1.83 3
0.25 1.99 28
0.25 10.0 2
0.25 11.75 1
0.25 12.0 1
0.25 14.83 1
0.25 15.0 1
0.25 2.0 296
0.25 2.12 2
0.25 2.19 4
0.25 2.24 3
0.25 2.25 17
0.25 2.49 1
0.25 2.5 21
0.25 2.75 115
0.25 2.83 6
0.25 2.99 1
0.25 3.0 71
0.25 3.03 1
0.25 3.2 2
0.25 3.25 1
0.25 3.35 2
0.25 3.5 4
0.25 3.6 2
0.25 3.75 41
0.25 3.83 1
0.25 4.0 73
0.25 4.25 1
0.25 4.5 5
0.25 4.75 4
0.25 4.83 3
0.25 5.0 4
0.25 5.68 1
0.25 5.75 3
0.25 5.99 1
0.25 6.0 8
0.25 6.75 3
0.25 7.0 3
0.25 7.73 1
0.25 7.75 11
0.25 8.0 5
0.25 8.35 1
0.25 8.49 1
0.25 8.75 1
0.25 8.83 3
0.25 9.0 2
0.25 9.75 2
0.26 0.21 1
0.26 0.23 1
0.26 0.24 10
0.26 0.25 73
0.26 0.27 1
0.26 0.32 1
0.26 0.33 1
0.26 0.43 2
0.26 0.49 1
0.26 0.5 6
0.26 0.58 1
0.26 0.74 1
0.26 0.75 1
0.26 0.83 2
0.26 1.0 3
0.26 1.08 1
0.26 1.38 1
0.26 2.72 1
0.27 0.07 2
0.27 0.13 5
0.27 0.17 3
0.27 0.19 1
0.27 0.2 1
0.27 0.21 29
0.27 0.23 46
0.27 0.24 4
0.27 0.25 18
0.27 0.26 1
0.27 0.27 45
0.27 0.28 2
0.27 0.29 1
0.27 0.3 2
0.27 0.31 1
0.27 0.33 63
0.27 0.35 1
0.27 0.39 1
0.27 0.4 1
0.27 0.42 1
0.27 0.44 2
0.27 0.48 2
0.27 0.5 17
0.27 0.51 1
0.27 0.53 1
0.27 0.76 1
0.27 0.83 5
0.27 0.86 1
0.27 1.0 6
0.27 1.08 1
0.27 1.25 1
0.27 11.83 1
0.27 4.04 1
0.28 0.13 1
0.28 0.14 1
0.28 0.15 6
0.28 0.22 13
0.28 0.23 4
0.28 0.25 2
0.28 0.27 1
0.28 0.28 2
0.28 0.29 1
0.28 0.3 1
0.28 0.33 1
0.28 0.37 1
0.28 0.45 1
0.28 0.48 1
0.28 0.56 1
0.28 0.57 2
0.28 0.68 2
0.28 0.75 1
0.28 0.9 1
0.28 1.0 1
0.28 1.05 1
0.28 26.84 2
0.28 3.43 1
0.29 0.06 1
0.29 0.08 1
0.29 0.09 1
0.29 0.1 1
0.29 0.12 1
0.29 0.15 1
0.29 0.16 1
0.29 0.17 2
0.29 0.19 1
0.29 0.21 14
0.29 0.23 5
0.29 0.24 24
0.29 0.25 28
0.29 0.26 1
0.29 0.29 7
0.29 0.31 3
0.29 0.33 1
0.29 0.36 1
0.29 0.41 1
0.29 0.43 6
0.29 0.46 1
0.29 0.48 1
0.29 0.49 1
0.29 0.5 2
0.29 0.52 1
0.29 0.57 1
0.29 0.58 1
0.29 0.6 1
0.29 0.71 1
0.29 0.74 1
0.29 0.83 1
0.29 0.96 1
0.29 0.99 2
0.29 1.25 1
0.29 2.78 1
0.29 3.18 1
0.29 3.47 1
0.3 0.05 1
0.3 0.1 2
0.3 0.13 2
0.3 0.16 1
0.3 0.2 26
0.3 0.21 1
0.3 0.22 1
0.3 0.23 2
0.3 0.25 9
0.3 0.27 1
0.3 0.28 2
0.3 0.3 23
0.3 0.31 3
0.3 0.33 2
0.3 0.36 1
0.3 0.37 1
0.3 0.42 1
0.3 0.43 1
0.3 0.44 2
0.3 0.45 41
0.3 0.5 4
0.3 0.94 2
0.3 1.0 6
0.3 1.09 1
0.31 0.06 2
0.31 0.12 5
0.31 0.17 2
0.31 0.18 1
0.31 0.19 7
0.31 0.2 5
0.31 0.21 1
0.31 0.22 1
0.31 0.25 5
0.31 0.27 3
0.31 0.29 2
0.31 0.3 3
0.31 0.31 45
0.31 0.32 1
0.31 0.33 7
0.31 0.34 3
0.31 0.35 1
0.31 0.36 1
0.31 0.38 1
0.31 0.44 51
0.31 0.48 1
0.31 0.5 2
0.31 0.55 1
0.31 0.6 1
0.31 0.75 2
0.31 0.81 1
0.31 0.86 1
0.31 0.88 2
0.31 1.0 7
0.31 1.12 1
0.31 1.83 1
0.31 1.94 2
0.31 2.0 1
0.31 2.9 1
0.31 3.68 1
0.32 0.12 6
0.32 0.13 1
0.32 0.16 1
0.32 0.18 5
0.32 0.2 1
0.32 0.21 1
0.32 0.24 1
0.32 0.25 4
0.32 0.27 2
0.32 0.31 1
0.32 0.32 4
0.32 0.33 30
0.32 0.34 2
0.32 0.35 2
0.32 0.37 2
0.32 0.39 1
0.32 0.43 5
0.32 0.67 2
0.32 0.75 1
0.32 0.81 1
0.32 0.83 4
0.32 0.92 1
0.32 0.96 1
0.32 1.0 1
0.32 1.23 1
0.32 1.68 3
0.32 2.0 3
0.32 2.93 1
0.32 3.19 1
0.32 3.35 1
0.33 0.05 7
0.33 0.06 1
0.33 0.07 1
0.33 0.08 2
0.33 0.1 5
0.33 0.12 15
0.33 0.13 8
0.33 0.14 1
0.33 0.15 2
0.33 0.16 1
0.33 0.17 78
0.33 0.18 7
0.33 0.2 4
0.33 0.21 2
0.33 0.22 6
0.33 0.23 3
0.33 0.24 1
0.33 0.25 174
0.33 0.27 68
0.33 0.29 2
0.33 0.3 1
0.33 0.31 9
0.33 0.32 36
0.33 0.33 4531
0.33 0.34 166
0.33 0.35 1
0.33 0.37 8
0.33 0.38 8
0.33 0.39 1
0.33 0.4 3
0.33 0.42 41
0.33 0.43 11
0.33 0.46 1
0.33 0.49 1
0.33 0.5 220
0.33 0.51 1
0.33 0.55 2
0.33 0.57 1
0.33 0.58 1
0.33 0.59 1
0.33 0.6 1
0.33 0.61 1
0.33 0.63 3
0.33 0.64 1
0.33 0.65 1
0.33 0.67 78
0.33 0.68 1
0.33 0.71 1
0.33 0.74 2
0.33 0.75 3
0.33 0.82 2
0.33 0.83 35
0.33 0.85 1
0.33 0.95 1
0.33 0.98 2
0.33 0.99 14
0.33 1.0 72
0.33 1.04 2
0.33 1.08 5
0.33 1.1 1
0.33 1.13 1
0.33 1.16 1
0.33 1.17 2
0.33 1.22 1
0.33 1.33 3
0.33 1.44 1
0.33 1.49 2
0.33 1.5 18
0.33 1.64 1
0.33 1.68 1
0.33 1.75 6
0.33 1.83 1
0.33 10.0 1
0.33 2.0 22
0.33 2.78 1
0.33 2.87 1
0.33 3.0 1
0.33 3.75 2
0.33 4.0 2
0.33 4.17 4
0.34 0.2 2
0.34 0.21 2
0.34 0.25 2
0.34 0.28 1
0.34 0.3 1
0.34 0.31 3
0.34 0.33 180
0.34 0.36 1
0.34 0.37 1
0.34 0.38 1
0.34 0.39 1
0.34 0.41 2
0.34 0.49 1
0.34 0.5 14
0.34 0.52 1
0.34 0.68 1
0.34 0.75 1
0.34 1.0 3
0.34 1.06 1
0.34 1.12 1
0.34 1.13 1
0.34 1.2 1
0.34 1.25 1
0.34 2.0 1
0.34 2.8 1
0.34 3.0 1
0.35 0.03 1
0.35 0.13 1
0.35 0.15 1
0.35 0.17 1
0.35 0.2 2
0.35 0.24 1
0.35 0.25 5
0.35 0.28 2
0.35 0.31 2
0.35 0.35 5
0.35 0.36 1
0.35 0.37 1
0.35 0.39 1
0.35 0.4 1
0.35 0.42 2
0.35 0.43 1
0.35 0.44 1
0.35 0.46 1
0.35 0.49 2
0.35 0.5 165
0.35 0.62 1
0.35 0.83 1
0.35 1.0 3
0.35 1.13 1
0.35 1.88 1
0.35 2.78 1
0.36 0.03 1
0.36 0.05 1
0.36 0.11 3
0.36 0.14 1
0.36 0.2 2
0.36 0.24 4
0.36 0.25 8
0.36 0.31 1
0.36 0.33 1
0.36 0.36 11
0.36 0.38 3
0.36 0.4 2
0.36 0.42 1
0.36 0.43 1
0.36 0.5 5
0.36 0.52 1
0.36 0.56 1
0.36 0.7 1
0.36 0.75 1
0.36 0.82 1
0.36 0.88 1
0.36 0.93 1
0.36 1.0 5
0.36 1.25 2
0.36 1.5 6
0.36 1.59 1
0.36 1.9 1
0.37 0.06 9
0.37 0.1 4
0.37 0.11 1
0.37 0.12 109
0.37 0.13 40
0.37 0.17 3
0.37 0.19 4
0.37 0.2 1
0.37 0.22 2
0.37 0.23 2
0.37 0.25 11
0.37 0.31 1
0.37 0.32 2
0.37 0.33 1
0.37 0.34 2
0.37 0.38 3
0.37 0.42 4
0.37 0.43 1
0.37 0.44 1
0.37 0.45 2
0.37 0.48 1
0.37 0.49 2
0.37 0.5 1
0.37 0.52 1
0.37 0.63 1
0.37 0.71 1
0.37 0.83 4
0.37 0.96 1
0.37 1.0 5
0.37 1.12 1
0.37 1.36 1
0.37 1.37 1
0.37 2.69 1
0.38 0.04 1
0.38 0.06 8
0.38 0.08 2
0.38 0.09 2
0.38 0.1 2
0.38 0.11 1
0.38 0.12 142
0.38 0.13 249
0.38 0.15 2
0.38 0.17 19
0.38 0.18 2
0.38 0.19 4
0.38 0.21 89
0.38 0.22 1
0.38 0.24 1
0.38 0.25 44
0.38 0.27 2
0.38 0.28 3
0.38 0.31 3
0.38 0.32 2
0.38 0.33 8
0.38 0.34 3
0.38 0.35 4
0.38 0.36 5
0.38 0.37 1
0.38 0.38 64
0.38 0.4 1
0.38 0.41 1
0.38 0.42 4
0.38 0.43 3
0.38 0.45 3
0.38 0.47 2
0.38 0.48 1
0.38 0.49 9
0.38 0.5 98
0.38 0.54 2
0.38 0.6 2
0.38 0.61 4
0.38 0.62 4
0.38 0.63 2
0.38 0.67 2
0.38 0.68 1
0.38 0.71 1
0.38 0.73 8
0.38 0.74 3
0.38 0.75 2
0.38 0.76 1
0.38 0.77 1
0.38 0.79 1
0.38 0.83 1
0.38 0.88 1
0.38 0.89 1
0.38 0.92 1
0.38 0.99 8
0.38 1.0 21
0.38 1.12 1
0.38 1.13 2
0.38 1.25 1
0.38 1.5 2
0.38 1.61 1
0.38 1.75 1
0.38 1.99 3
0.38 2.0 8
0.39 0.06 1
0.39 0.12 2
0.39 0.13 2
0.39 0.19 1
0.39 0.21 1
0.39 0.25 1
0.39 0.27 1
0.39 0.3 1
0.39 0.33 1
0.39 0.35 1
0.39 0.38 4
0.39 0.39 3
0.39 0.41 1
0.39 0.42 2
0.39 0.43 1
0.39 0.44 1
0.39 0.47 2
0.39 0.49 2
0.39 0.52 1
0.39 0.56 3
0.39 0.6 1
0.39 0.61 1
0.39 0.63 1
0.39 0.65 1
0.39 0.83 1
0.39 0.84 1
0.39 0.85 1
0.39 0.91 1
0.39 1.62 1
0.39 1.63 1
0.4 0.04 3
0.4 0.06 2
0.4 0.1 7
0.4 0.12 9
0.4 0.13 22
0.4 0.17 1
0.4 0.18 1
0.4 0.2 12
0.4 0.21 9
0.4 0.24 2
0.4 0.25 59
0.4 0.27 2
0.4 0.28 1
0.4 0.34 2
0.4 0.37 4
0.4 0.39 1
0.4 0.4 141
0.4 0.41 1
0.4 0.42 14
0.4 0.43 2
0.4 0.44 2
0.4 0.45 3
0.4 0.46 2
0.4 0.47 1
0.4 0.48 1
0.4 0.49 3
0.4 0.5 62
0.4 0.52 1
0.4 0.56 1
0.4 0.57 1
0.4 0.6 9
0.4 0.63 1
0.4 0.75 5
0.4 0.79 1
0.4 0.8 12
0.4 0.81 1
0.4 0.83 1
0.4 0.93 2
0.4 1.0 78
0.4 1.08 1
0.4 1.2 9
0.4 1.5 9
0.4 1.53 1
0.4 1.59 1
0.4 1.6 4
0.4 1.67 2
0.4 1.68 1
0.4 1.89 1
0.4 1.91 1
0.4 2.0 9
0.4 2.25 1
0.4 2.4 6
0.4 2.5 1
0.4 3.6 1
0.4 4.0 1
0.41 0.14 1
0.41 0.23 1
0.41 0.24 1
0.41 0.25 1
0.41 0.27 1
0.41 0.34 1
0.41 0.35 2
0.41 0.36 2
0.41 0.37 1
0.41 0.38 2
0.41 0.39 4
0.41 0.4 2
0.41 0.42 4
0.41 0.43 4
0.41 0.44 2
0.41 0.45 1
0.41 0.47 2
0.41 0.5 1
0.41 0.51 1
0.41 0.58 3
0.41 0.59 1
0.41 0.85 2
0.41 0.86 1
0.41 1.0 5
0.41 1.18 1
0.41 1.22 1
0.41 1.42 1
0.41 1.68 1
0.41 2.77 1
0.42 0.04 1
0.42 0.05 2
0.42 0.06 3
0.42 0.08 1
0.42 0.1 4
0.42 0.12 8
0.42 0.13 3
0.42 0.16 1
0.42 0.17 6
0.42 0.18 1
0.42 0.19 3
0.42 0.2 13
0.42 0.21 373
0.42 0.23 1
0.42 0.24 40
0.42 0.25 92
0.42 0.27 2
0.42 0.28 1
0.42 0.29 1
0.42 0.31 1
0.42 0.33 29
0.42 0.37 1
0.42 0.38 1
0.42 0.39 5
0.42 0.4 3
0.42 0.41 6
0.42 0.42 1070
0.42 0.43 2
0.42 0.44 2
0.42 0.45 1
0.42 0.46 2
0.42 0.47 4
0.42 0.48 2
0.42 0.49 6
0.42 0.5 305
0.42 0.56 1
0.42 0.58 2
0.42 0.59 1
0.42 0.6 1
0.42 0.63 1
0.42 0.65 1
0.42 0.67 1
0.42 0.71 2
0.42 0.75 48
0.42 0.78 1
0.42 0.81 1
0.42 0.83 97
0.42 0.92 6
0.42 0.99 3
0.42 1.0 238
0.42 1.02 1
0.42 1.25 6
0.42 1.42 26
0.42 1.46 1
0.42 1.47 1
0.42 1.49 2
0.42 1.5 83
0.42 1.57 1
0.42 1.68 54
0.42 1.83 13
0.42 1.89 2
0.42 2.0 97
0.42 2.42 4
0.42 2.5 5
0.42 2.51 2
0.42 2.83 5
0.42 2.85 1
0.42 2.92 3
0.42 3.0 45
0.42 3.03 1
0.42 3.35 14
0.42 3.5 1
0.42 3.68 3
0.42 3.83 7
0.42 4.0 27
0.42 4.03 1
0.42 4.83 2
0.42 5.0 2
0.42 5.49 1
0.42 6.0 2
0.42 7.35 2
0.42 8.83 4
0.43 0.14 1
0.43 0.18 1
0.43 0.19 1
0.43 0.2 5
0.43 0.22 1
0.43 0.25 3
0.43 0.28 1
0.43 0.29 1
0.43 0.3 1
0.43 0.32 3
0.43 0.33 7
0.43 0.36 1
0.43 0.37 6
0.43 0.38 6
0.43 0.4 1
0.43 0.41 3
0.43 0.42 3
0.43 0.43 3
0.43 0.44 3
0.43 0.45 2
0.43 0.47 1
0.43 0.48 3
0.43 0.5 1
0.43 0.53 2
0.43 0.58 1
0.43 0.6 1
0.43 0.62 1
0.43 0.74 1
0.43 0.79 1
0.43 0.88 1
0.43 0.89 1
0.43 1.0 7
0.43 1.42 1
0.43 1.5 1
0.43 2.13 1
0.43 2.53 1
0.43 2.8 1
0.43 2.85 1
0.43 3.54 1
0.44 0.1 1
0.44 0.17 1
0.44 0.19 1
0.44 0.2 11
0.44 0.21 5
0.44 0.24 1
0.44 0.25 5
0.44 0.27 4
0.44 0.28 1
0.44 0.31 36
0.44 0.33 3
0.44 0.37 1
0.44 0.38 2
0.44 0.4 2
0.44 0.41 3
0.44 0.42 2
0.44 0.43 1
0.44 0.44 3
0.44 0.45 4
0.44 0.46 2
0.44 0.47 2
0.44 0.48 2
0.44 0.49 1
0.44 0.5 18
0.44 0.52 1
0.44 0.55 1
0.44 0.56 10
0.44 0.58 1
0.44 0.6 1
0.44 0.62 3
0.44 0.99 1
0.44 1.0 7
0.44 1.04 1
0.44 1.25 1
0.44 1.86 1
0.44 2.0 2
0.44 2.1 1
0.44 2.15 1
0.44 3.72 1
0.45 0.19 1
0.45 0.2 6
0.45 0.24 2
0.45 0.25 19
0.45 0.29 1
0.45 0.3 17
0.45 0.31 3
0.45 0.32 1
0.45 0.37 2
0.45 0.38 1
0.45 0.39 1
0.45 0.4 3
0.45 0.41 3
0.45 0.44 4
0.45 0.45 1
0.45 0.46 3
0.45 0.47 2
0.45 0.48 2
0.45 0.49 9
0.45 0.5 2
0.45 0.52 1
0.45 0.53 1
0.45 0.56 2
0.45 0.57 1
0.45 0.59 2
0.45 0.69 1
0.45 1.0 5
0.45 1.61 1
0.45 2.0 1
0.45 3.18 1
0.46 0.08 1
0.46 0.15 3
0.46 0.17 1
0.46 0.2 1
0.46 0.21 2
0.46 0.24 5
0.46 0.25 7
0.46 0.27 2
0.46 0.29 3
0.46 0.3 1
0.46 0.33 2
0.46 0.34 1
0.46 0.38 1
0.46 0.39 2
0.46 0.42 2
0.46 0.43 1
0.46 0.44 1
0.46 0.46 1
0.46 0.47 2
0.46 0.49 1
0.46 0.5 11
0.46 0.54 6
0.46 0.56 1
0.46 0.6 1
0.46 0.7 1
0.46 0.92 1
0.46 0.99 1
0.46 1.0 2
0.46 1.04 5
0.46 1.24 1
0.46 1.33 1
0.46 1.54 1
0.46 1.82 1
0.46 2.02 1
0.46 2.34 1
0.46 2.59 1
0.46 2.72 1
0.46 3.16 1
0.47 0.11 2
0.47 0.12 2
0.47 0.13 2
0.47 0.16 2
0.47 0.18 1
0.47 0.2 4
0.47 0.24 1
0.47 0.25 10
0.47 0.3 4
0.47 0.35 2
0.47 0.38 1
0.47 0.39 1
0.47 0.4 1
0.47 0.41 2
0.47 0.42 2
0.47 0.44 2
0.47 0.45 3
0.47 0.46 2
0.47 0.47 44
0.47 0.48 2
0.47 0.49 2
0.47 0.5 56
0.47 0.52 1
0.47 0.56 1
0.47 0.75 1
0.47 0.83 1
0.47 0.85 5
0.47 0.94 1
0.47 0.99 1
0.47 1.0 15
0.47 1.03 1
0.47 1.47 1
0.47 1.61 1
0.47 2.0 1
0.47 2.24 1
0.47 3.0 3
0.47 3.67 1
0.48 0.06 1
0.48 0.08 3
0.48 0.09 6
0.48 0.1 2
0.48 0.11 1
0.48 0.13 2
0.48 0.14 1
0.48 0.15 2
0.48 0.19 1
0.48 0.2 2
0.48 0.23 22
0.48 0.24 1
0.48 0.25 24
0.48 0.27 3
0.48 0.36 3
0.48 0.37 1
0.48 0.38 2
0.48 0.39 1
0.48 0.41 2
0.48 0.43 1
0.48 0.44 1
0.48 0.45 2
0.48 0.46 1
0.48 0.47 2
0.48 0.48 388
0.48 0.49 1
0.48 0.5 140
0.48 0.51 1
0.48 0.52 10
0.48 0.53 1
0.48 0.54 4
0.48 0.57 1
0.48 0.61 1
0.48 0.63 1
0.48 0.73 3
0.48 0.75 6
0.48 0.94 1
0.48 0.98 50
0.48 1.0 47
0.48 1.27 1
0.48 1.48 1
0.48 1.49 1
0.48 1.5 8
0.48 1.87 1
0.48 1.98 1
0.48 2.0 27
0.48 2.5 1
0.48 2.69 1
0.48 3.0 2
0.48 3.47 1
0.48 4.0 4
0.49 0.04 2
0.49 0.05 3
0.49 0.06 4
0.49 0.08 22
0.49 0.09 1
0.49 0.1 3
0.49 0.11 10
0.49 0.12 51
0.49 0.13 63
0.49 0.16 1
0.49 0.17 595
0.49 0.2 1
0.49 0.21 23
0.49 0.24 144
0.49 0.25 712
0.49 0.26 6
0.49 0.29 1
0.49 0.33 7
0.49 0.36 1
0.49 0.37 8
0.49 0.38 17
0.49 0.39 6
0.49 0.4 13
0.49 0.41 1
0.49 0.42 9
0.49 0.43 2
0.49 0.44 1
0.49 0.45 9
0.49 0.46 1
0.49 0.47 3
0.49 0.48 3
0.49 0.49 6395
0.49 0.5 3616
0.49 0.51 58
0.49 0.52 2
0.49 0.53 1
0.49 0.54 6
0.49 0.55 4
0.49 0.61 1
0.49 0.62 1
0.49 0.63 4
0.49 0.67 1
0.49 0.7 1
0.49 0.73 1
0.49 0.74 9
0.49 0.75 98
0.49 0.76 1
0.49 0.83 705
0.49 0.87 5
0.49 0.88 3
0.49 0.9 4
0.49 0.94 2
0.49 0.99 282
0.49 1.0 933
0.49 1.01 3
0.49 1.04 1
0.49 1.25 9
0.49 1.33 4
0.49 1.48 1
0.49 1.49 10
0.49 1.5 210
0.49 1.51 4
0.49 1.68 1
0.49 1.75 90
0.49 1.99 45
0.49 10.49 1
0.49 11.75 2
0.49 11.99 1
0.49 12.99 5
0.49 17.0 1
0.49 2.0 354
0.49 2.01 1
0.49 2.13 2
0.49 2.25 2
0.49 2.42 1
0.49 2.49 8
0.49 2.5 20
0.49 2.51 1
0.49 2.62 1
0.49 2.75 60
0.49 2.83 3
0.49 2.99 4
0.49 3.0 63
0.49 3.49 1
0.49 3.5 1
0.49 3.51 1
0.49 3.68 1
0.49 3.75 16
0.49 3.83 1
0.49 3.99 8
0.49 4.0 55
0.49 4.49 6
0.49 4.5 4
0.49 4.83 2
0.49 4.99 1
0.49 5.75 2
0.49 6.0 3
0.49 6.49 2
0.49 6.83 3
0.49 7.33 1
0.49 7.75 3
0.49 7.99 1
0.49 8.99 1
0.49 9.75 2
0.5 0.03 1
0.5 0.04 4
0.5 0.05 2
0.5 0.06 55
0.5 0.08 49
0.5 0.09 31
0.5 0.1 32
0.5 0.11 3
0.5 0.12 105
0.5 0.13 327
0.5 0.15 2
0.5 0.16 4
0.5 0.17 1366
0.5 0.18 2
0.5 0.19 9
0.5 0.2 65
0.5 0.21 345
0.5 0.23 75
0.5 0.24 776
0.5 0.25 3401
0.5 0.27 19
0.5 0.28 3
0.5 0.29 6
0.5 0.3 10
0.5 0.31 6
0.5 0.32 1
0.5 0.33 229
0.5 0.34 22
0.5 0.35 171
0.5 0.36 16
0.5 0.37 30
0.5 0.38 138
0.5 0.39 1
0.5 0.4 147
0.5 0.41 4
0.5 0.42 475
0.5 0.44 2
0.5 0.45 1
0.5 0.46 19
0.5 0.47 60
0.5 0.48 148
0.5 0.49 4199
0.5 0.5 86731
0.5 0.51 12
0.5 0.52 3
0.5 0.53 2
0.5 0.54 29
0.5 0.55 6
0.5 0.56 13
0.5 0.57 1
0.5 0.58 17
0.5 0.59 3
0.5 0.6 2
0.5 0.61 3
0.5 0.62 9
0.5 0.63 50
0.5 0.64 2
0.5 0.66 1
0.5 0.67 90
0.5 0.68 1
0.5 0.69 2
0.5 0.7 2
0.5 0.71 1
0.5 0.72 1
0.5 0.73 4
0.5 0.74 9
0.5 0.75 610
0.5 0.77 1
0.5 0.79 40
0.5 0.81 1
0.5 0.82 22
0.5 0.83 3198
0.5 0.84 1
0.5 0.85 15
0.5 0.87 3
0.5 0.88 4
0.5 0.9 4
0.5 0.91 2
0.5 0.92 43
0.5 0.94 6
0.5 0.95 1
0.5 0.96 3
0.5 0.98 195
0.5 0.99 655
0.5 1.0 7353
0.5 1.02 1
0.5 1.04 3
0.5 1.05 1
0.5 1.07 2
0.5 1.08 12
0.5 1.09 2
0.5 1.1 2
0.5 1.12 1
0.5 1.13 2
0.5 1.16 1
0.5 1.17 2
0.5 1.18 1
0.5 1.2 4
0.5 1.24 21
0.5 1.25 78
0.5 1.33 57
0.5 1.38 19
0.5 1.42 14
0.5 1.47 1
0.5 1.48 2
0.5 1.49 27
0.5 1.5 1919
0.5 1.58 1
0.5 1.59 19
0.5 1.67 1
0.5 1.68 18
0.5 1.75 704
0.5 1.83 5
0.5 1.99 118
0.5 10.0 6
0.5 11.99 1
0.5 12.0 4
0.5 12.5 1
0.5 13.75 1
0.5 14.83 1
0.5 16.99 1
0.5 2.0 841
0.5 2.03 1
0.5 2.06 1
0.5 2.08 1
0.5 2.13 1
0.5 2.17 1
0.5 2.21 1
0.5 2.25 2
0.5 2.49 2
0.5 2.5 148
0.5 2.51 4
0.5 2.74 1
0.5 2.75 90
0.5 2.83 6
0.5 2.99 10
0.5 3.0 123
0.5 3.35 3
0.5 3.49 4
0.5 3.5 32
0.5 3.68 4
0.5 3.75 97
0.5 3.83 10
0.5 3.99 20
0.5 4.0 130
0.5 4.33 2
0.5 4.5 23
0.5 4.75 1
0.5 4.83 3
0.5 5.0 14
0.5 5.71 1
0.5 5.75 1
0.5 5.83 1
0.5 6.0 18
0.5 6.75 2
0.5 6.83 4
0.5 7.0 7
0.5 7.5 1
0.5 7.75 8
0.5 8.0 4
0.5 8.83 4
0.5 9.75 1
0.51 0.13 2
0.51 0.18 1
0.51 0.25 13
0.51 0.26 2
0.51 0.27 1
0.51 0.38 1
0.51 0.41 1
0.51 0.43 1
0.51 0.44 2
0.51 0.45 1
0.51 0.48 1
0.51 0.49 12
0.51 0.5 49
0.51 0.61 1
0.51 0.83 1
0.51 0.99 7
0.51 1.0 4
0.51 1.33 1
0.51 1.99 1
0.51 2.49 1
0.51 2.99 1
0.51 3.68 1
0.51 4.99 1
0.52 0.06 1
0.52 0.1 1
0.52 0.15 2
0.52 0.17 1
0.52 0.23 1
0.52 0.24 2
0.52 0.25 1
0.52 0.26 1
0.52 0.28 1
0.52 0.33 2
0.52 0.42 2
0.52 0.43 2
0.52 0.45 1
0.52 0.46 2
0.52 0.48 3
0.52 0.49 5
0.52 0.5 3
0.52 0.52 1
0.52 0.54 1
0.52 0.55 1
0.52 0.6 3
0.52 0.71 1
0.52 0.73 2
0.52 0.93 1
0.52 1.7 1
0.52 3.28 1
0.53 0.08 1
0.53 0.14 1
0.53 0.25 1
0.53 0.38 2
0.53 0.4 1
0.53 0.43 3
0.53 0.44 1
0.53 0.45 1
0.53 0.46 1
0.53 0.47 2
0.53 0.48 2
0.53 0.49 3
0.53 0.5 2
0.53 0.51 1
0.53 0.54 1
0.53 0.56 2
0.53 0.58 1
0.53 0.61 1
0.53 0.62 1
0.53 0.78 1
0.53 0.95 1
0.53 3.3 1
0.54 0.06 2
0.54 0.15 1
0.54 0.16 1
0.54 0.19 1
0.54 0.21 1
0.54 0.24 1
0.54 0.25 2
0.54 0.27 1
0.54 0.33 1
0.54 0.36 1
0.54 0.38 3
0.54 0.43 2
0.54 0.46 9
0.54 0.48 1
0.54 0.49 24
0.54 0.5 8
0.54 0.53 1
0.54 0.54 15
0.54 0.57 2
0.54 0.59 2
0.54 0.67 2
0.54 0.79 2
0.54 0.93 1
0.54 1.0 2
0.54 1.12 1
0.54 1.49 1
0.54 1.53 1
0.54 1.99 5
0.54 2.36 1
0.55 0.06 1
0.55 0.16 2
0.55 0.2 3
0.55 0.31 1
0.55 0.43 1
0.55 0.45 1
0.55 0.47 2
0.55 0.48 2
0.55 0.49 3
0.55 0.5 10
0.55 0.52 1
0.55 0.54 1
0.55 0.55 7
0.55 0.56 2
0.55 0.59 2
0.55 0.6 1
0.55 0.61 1
0.55 1.0 2
0.55 1.08 1
0.55 1.84 1
0.55 4.0 1
0.55 8.85 1
0.56 0.04 1
0.56 0.06 3
0.56 0.13 1
0.56 0.15 3
0.56 0.17 1
0.56 0.18 1
0.56 0.2 6
0.56 0.23 1
0.56 0.25 2
0.56 0.36 1
0.56 0.39 1
0.56 0.4 1
0.56 0.41 1
0.56 0.42 1
0.56 0.43 1
0.56 0.44 11
0.56 0.46 1
0.56 0.5 12
0.56 0.55 7
0.56 0.56 17
0.56 0.58 2
0.56 0.59 1
0.56 0.6 1
0.56 0.63 1
0.56 0.67 1
0.56 0.69 4
0.56 0.83 1
0.56 0.88 1
0.56 1.0 1
0.56 1.23 1
0.57 0.16 2
0.57 0.17 1
0.57 0.18 1
0.57 0.31 1
0.57 0.33 1
0.57 0.38 1
0.57 0.43 5
0.57 0.44 2
0.57 0.45 3
0.57 0.46 1
0.57 0.47 3
0.57 0.48 1
0.57 0.49 1
0.57 0.57 2
0.57 0.67 1
0.57 0.69 1
0.57 0.74 1
0.57 0.75 2
0.57 0.78 2
0.58 0.08 1
0.58 0.16 2
0.58 0.17 3
0.58 0.2 3
0.58 0.25 3
0.58 0.27 2
0.58 0.38 1
0.58 0.39 1
0.58 0.41 1
0.58 0.42 6
0.58 0.44 1
0.58 0.47 1
0.58 0.48 1
0.58 0.5 17
0.58 0.56 3
0.58 0.57 1
0.58 0.58 9
0.58 0.6 3
0.58 0.61 1
0.58 0.62 1
0.58 0.63 1
0.58 0.64 1
0.58 0.67 1
0.58 0.73 1
0.58 1.0 8
0.58 1.08 6
0.58 1.12 1
0.58 1.5 1
0.58 3.75 1
0.58 4.0 1
0.59 0.14 1
0.59 0.31 1
0.59 0.39 1
0.59 0.4 1
0.59 0.41 1
0.59 0.44 1
0.59 0.5 2
0.59 0.56 1
0.59 0.58 2
0.59 0.6 1
0.59 0.71 1
0.59 0.74 1
0.59 0.87 1
0.59 1.0 4
0.59 1.27 1
0.59 3.12 1
0.6 0.1 2
0.6 0.15 2
0.6 0.2 1
0.6 0.23 1
0.6 0.25 3
0.6 0.26 1
0.6 0.3 1
0.6 0.32 1
0.6 0.33 3
0.6 0.35 1
0.6 0.4 2
0.6 0.42 1
0.6 0.43 1
0.6 0.44 2
0.6 0.47 1
0.6 0.5 2
0.6 0.56 4
0.6 0.57 1
0.6 0.58 2
0.6 0.59 1
0.6 0.6 10
0.6 0.61 1
0.6 0.63 1
0.6 0.69 1
0.6 0.95 1
0.6 1.0 7
0.6 1.12 2
0.6 1.14 2
0.6 1.19 1
0.6 1.23 1
0.6 2.14 1
0.61 0.13 1
0.61 0.2 2
0.61 0.24 1
0.61 0.25 4
0.61 0.33 2
0.61 0.39 2
0.61 0.44 2
0.61 0.5 4
0.61 0.51 1
0.61 0.56 2
0.61 0.58 1
0.61 0.59 1
0.61 0.61 15
0.61 0.62 1
0.61 0.64 1
0.61 0.7 1
0.61 0.71 1
0.61 0.74 6
0.61 0.87 1
0.61 1.0 2
0.61 1.17 1
0.61 1.19 1
0.62 0.12 5
0.62 0.13 2
0.62 0.15 1
0.62 0.17 8
0.62 0.19 1
0.62 0.2 1
0.62 0.29 1
0.62 0.33 1
0.62 0.38 1
0.62 0.4 1
0.62 0.41 1
0.62 0.45 1
0.62 0.46 1
0.62 0.49 2
0.62 0.5 8
0.62 0.57 1
0.62 0.58 2
0.62 0.66 1
0.62 0.67 1
0.62 0.71 1
0.62 0.77 1
0.62 0.87 1
0.62 1.0 3
0.62 1.17 1
0.62 1.32 1
0.62 2.09 1
0.63 0.06 2
0.63 0.1 1
0.63 0.12 3
0.63 0.13 31
0.63 0.15 6
0.63 0.16 3
0.63 0.17 11
0.63 0.18 1
0.63 0.21 1
0.63 0.23 2
0.63 0.25 337
0.63 0.27 2
0.63 0.29 1
0.63 0.33 9
0.63 0.36 1
0.63 0.37 2
0.63 0.38 7
0.63 0.39 1
0.63 0.42 1
0.63 0.46 1
0.63 0.49 7
0.63 0.5 46
0.63 0.52 1
0.63 0.53 1
0.63 0.55 1
0.63 0.56 2
0.63 0.63 970
0.63 0.65 2
0.63 0.67 1
0.63 0.75 4
0.63 0.78 1
0.63 0.79 1
0.63 0.83 28
0.63 0.98 1
0.63 1.0 91
0.63 1.16 1
0.63 1.22 1
0.63 1.54 1
0.63 1.63 2
0.63 1.75 8
0.63 2.0 9
0.63 2.75 7
0.63 3.75 2
0.63 4.0 11
0.63 8.0 2
0.64 0.11 1
0.64 0.13 1
0.64 0.25 1
0.64 0.4 1
0.64 0.5 1
0.64 0.6 1
0.64 0.66 1
0.64 0.98 1
0.64 1.0 2
0.64 1.19 1
0.65 0.06 1
0.65 0.11 6
0.65 0.15 2
0.65 0.17 1
0.65 0.18 3
0.65 0.19 1
0.65 0.2 3
0.65 0.25 2
0.65 0.35 1
0.65 0.49 1
0.65 0.5 2
0.65 0.53 1
0.65 0.63 1
0.65 0.65 17
0.65 0.79 1
0.65 0.85 1
0.65 0.9 1
0.65 1.07 1
0.66 0.1 4
0.66 0.16 1
0.66 0.17 1
0.66 0.29 1
0.66 0.63 2
0.66 0.9 1
0.66 0.99 1
0.66 1.0 1
0.67 0.08 2
0.67 0.1 1
0.67 0.11 2
0.67 0.12 2
0.67 0.13 4
0.67 0.17 21
0.67 0.21 3
0.67 0.22 1
0.67 0.24 1
0.67 0.25 12
0.67 0.32 5
0.67 0.33 89
0.67 0.38 2
0.67 0.41 1
0.67 0.49 2
0.67 0.5 91
0.67 0.54 2
0.67 0.57 1
0.67 0.67 50
0.67 0.68 1
0.67 0.75 1
0.67 0.83 3
0.67 0.84 1
0.67 0.88 1
0.67 0.99 2
0.67 1.0 7
0.67 1.08 1
0.67 1.17 2
0.67 1.23 1
0.67 1.33 2
0.67 1.67 1
0.67 1.75 4
0.67 2.0 4
0.67 2.25 1
0.68 0.2 2
0.68 0.46 1
0.68 0.47 2
0.68 0.57 2
0.68 0.68 1
0.68 0.84 1
0.68 1.0 1
0.68 1.02 1
0.68 1.08 1
0.68 1.12 1
0.68 1.16 1
0.68 1.17 1
0.68 1.24 1
0.69 0.18 1
0.69 0.2 1
0.69 0.25 2
0.69 0.33 1
0.69 0.35 1
0.69 0.49 1
0.69 0.5 2
0.69 0.58 1
0.69 0.59 2
0.69 0.63 1
0.69 0.67 1
0.69 0.68 2
0.69 0.76 1
0.69 1.0 2
0.69 1.21 1
0.69 1.43 1
0.69 1.5 1
0.69 1.54 1
0.7 0.18 1
0.7 0.25 6
0.7 0.31 1
0.7 0.35 1
0.7 0.5 4
0.7 0.68 1
0.7 0.82 1
0.7 0.83 1
0.71 0.16 1
0.71 0.17 1
0.71 0.21 1
0.71 0.25 1
0.71 0.27 2
0.71 0.33 1
0.71 0.5 1
0.71 0.63 2
0.71 0.67 2
0.71 0.69 1
0.71 0.7 1
0.71 0.77 1
0.71 0.78 1
0.71 0.88 1
0.71 1.0 2
0.71 1.39 1
0.71 1.5 1
0.71 2.0 1
0.71 3.0 1
0.72 0.25 4
0.72 0.63 1
0.72 0.65 1
0.72 0.72 30
0.72 0.83 1
0.72 1.03 1
0.72 1.12 1
0.72 1.51 1
0.72 3.55 1
0.73 0.08 1
0.73 0.1 2
0.73 0.16 1
0.73 0.18 2
0.73 0.25 2
0.73 0.27 2
0.73 0.28 1
0.73 0.48 3
0.73 0.5 15
0.73 0.65 1
0.73 0.68 1
0.73 0.69 2
0.73 0.7 1
0.73 0.73 2
0.73 1.0 3
0.73 1.02 1
0.74 0.13 6
0.74 0.21 2
0.74 0.24 10
0.74 0.25 15
0.74 0.33 1
0.74 0.35 1
0.74 0.4 1
0.74 0.42 2
0.74 0.49 11
0.74 0.5 18
0.74 0.63 4
0.74 0.74 36
0.74 0.77 2
0.74 0.79 1
0.74 0.82 1
0.74 0.83 1
0.74 0.98 1
0.74 0.99 5
0.74 1.0 5
0.74 1.14 1
0.74 1.24 1
0.74 1.5 1
0.74 1.99 1
0.74 2.0 3
0.74 3.0 1
0.75 0.05 3
0.75 0.06 5
0.75 0.08 8
0.75 0.12 21
0.75 0.13 158
0.75 0.14 1
0.75 0.15 4
0.75 0.17 4
0.75 0.18 1
0.75 0.19 2
0.75 0.2 4
0.75 0.21 16
0.75 0.22 2
0.75 0.23 1
0.75 0.24 50
0.75 0.25 4173
0.75 0.27 12
0.75 0.28 1
0.75 0.32 1
0.75 0.33 1
0.75 0.36 2
0.75 0.41 1
0.75 0.45 1
0.75 0.48 1
0.75 0.49 4
0.75 0.5 79
0.75 0.58 1
0.75 0.63 3
0.75 0.67 2
0.75 0.75 18
0.75 0.76 1
0.75 0.79 2
0.75 0.83 2
0.75 0.87 1
0.75 0.89 3
0.75 0.9 1
0.75 0.93 1
0.75 0.99 4
0.75 1.0 40
0.75 1.08 4
0.75 1.12 6
0.75 1.16 8
0.75 1.49 1
0.75 1.5 1
0.75 1.63 2
0.75 1.75 2
0.75 2.0 13
0.75 2.08 2
0.75 2.13 1
0.75 2.25 1
0.75 2.32 6
0.75 3.0 1
0.75 3.08 1
0.75 5.0 1
0.76 0.18 1
0.76 0.24 3
0.76 0.25 1
0.76 0.28 1
0.76 0.31 2
0.76 0.42 1
0.76 0.5 1
0.76 0.74 1
0.76 0.79 1
0.76 0.8 1
0.76 0.81 1
0.76 0.83 1
0.76 1.0 1
0.76 1.27 1
0.77 0.13 1
0.77 0.15 2
0.77 0.19 2
0.77 0.24 1
0.77 0.25 1
0.77 0.27 2
0.77 0.31 2
0.77 0.32 1
0.77 0.45 1
0.77 0.5 1
0.77 0.81 1
0.77 0.85 1
0.77 0.99 1
0.77 1.0 1
0.78 0.14 1
0.78 0.18 1
0.78 0.19 1
0.78 0.34 2
0.78 0.35 1
0.78 0.4 2
0.78 0.43 1
0.78 0.53 1
0.78 0.73 3
0.78 0.88 1
0.78 1.23 2
0.78 1.88 1
0.79 0.06 1
0.79 0.19 1
0.79 0.21 29
0.79 0.24 2
0.79 0.25 30
0.79 0.33 1
0.79 0.5 65
0.79 0.65 1
0.79 0.67 1
0.79 0.74 1
0.79 0.75 1
0.79 0.79 3
0.79 0.8 1
0.79 0.81 1
0.79 0.83 1
0.79 0.84 1
0.79 1.0 12
0.79 1.2 8
0.79 1.25 1
0.79 2.0 3
0.8 0.06 2
0.8 0.12 2
0.8 0.13 3
0.8 0.2 4
0.8 0.25 2
0.8 0.38 2
0.8 0.4 3
0.8 0.5 3
0.8 0.75 3
0.8 0.78 1
0.8 0.8 13
0.8 0.82 1
0.8 0.83 2
0.8 0.93 1
0.8 0.99 1
0.8 1.0 22
0.8 1.28 1
0.8 1.37 1
0.8 1.6 3
0.81 0.06 2
0.81 0.19 3
0.81 0.21 1
0.81 0.32 1
0.81 0.45 1
0.81 0.47 1
0.81 0.68 1
0.81 0.69 1
0.81 0.77 1
0.81 0.78 2
0.81 0.79 2
0.81 0.83 1
0.81 0.9 2
0.81 1.0 4
0.81 1.26 1
0.82 0.2 1
0.82 0.21 1
0.82 0.35 1
0.82 0.43 1
0.82 0.5 9
0.82 0.82 25
0.82 0.83 1
0.82 0.84 1
0.82 1.0 16
0.82 1.49 1
0.82 1.5 12
0.82 11.94 1
0.82 2.0 1
0.82 2.85 2
0.82 3.0 9
0.82 3.31 2
0.82 3.94 1
0.82 4.0 2
0.82 5.0 1
0.82 6.0 2
0.83 0.05 9
0.83 0.06 8
0.83 0.08 22
0.83 0.1 2
0.83 0.11 3
0.83 0.12 11
0.83 0.13 65
0.83 0.15 1
0.83 0.17 879
0.83 0.19 1
0.83 0.2 3
0.83 0.21 406
0.83 0.24 108
0.83 0.25 1049
0.83 0.27 1
0.83 0.33 25
0.83 0.38 4
0.83 0.39 2
0.83 0.41 1
0.83 0.42 133
0.83 0.43 1
0.83 0.44 1
0.83 0.49 498
0.83 0.5 3385
0.83 0.51 1
0.83 0.57 1
0.83 0.58 2
0.83 0.63 92
0.83 0.67 9
0.83 0.68 1
0.83 0.73 3
0.83 0.75 193
0.83 0.76 1
0.83 0.83 6534
0.83 0.89 2
0.83 0.9 1
0.83 0.92 5
0.83 0.96 1
0.83 0.99 7
0.83 1.0 3067
0.83 1.04 2
0.83 1.08 2
0.83 1.12 4
0.83 1.24 4
0.83 1.25 10
0.83 1.33 17
0.83 1.42 3
0.83 1.49 10
0.83 1.5 339
0.83 1.58 1
0.83 1.68 87
0.83 1.71 1
0.83 1.74 1
0.83 1.75 591
0.83 1.83 21
0.83 1.99 12
0.83 10.5 1
0.83 10.83 2
0.83 11.0 1
0.83 11.35 1
0.83 11.5 1
0.83 11.75 11
0.83 12.0 2
0.83 12.5 1
0.83 12.83 3
0.83 13.0 1
0.83 14.83 3
0.83 15.75 7
0.83 15.83 1
0.83 16.83 7
0.83 17.0 1
0.83 17.75 2
0.83 2.0 532
0.83 2.25 3
0.83 2.33 2
0.83 2.41 1
0.83 2.42 2
0.83 2.45 1
0.83 2.49 13
0.83 2.5 33
0.83 2.51 10
0.83 2.75 175
0.83 2.83 34
0.83 2.84 1
0.83 20.83 1
0.83 21.0 2
0.83 3.0 142
0.83 3.35 39
0.83 3.49 6
0.83 3.5 14
0.83 3.68 12
0.83 3.75 164
0.83 3.83 21
0.83 32.83 2
0.83 4.0 284
0.83 4.25 2
0.83 4.49 3
0.83 4.5 11
0.83 4.75 3
0.83 4.83 48
0.83 5.0 21
0.83 5.03 1
0.83 5.68 4
0.83 5.75 22
0.83 5.83 1
0.83 6.0 20
0.83 6.49 1
0.83 6.5 1
0.83 6.75 1
0.83 6.83 4
0.83 6.99 1
0.83 7.0 4
0.83 7.35 9
0.83 7.5 1
0.83 7.68 1
0.83 7.75 41
0.83 8.0 2
0.83 8.35 2
0.83 8.83 11
0.83 9.0 3
0.83 9.75 1
0.83 9.83 2
0.84 0.09 2
0.84 0.19 3
0.84 0.24 1
0.84 0.36 1
0.84 0.42 1
0.84 0.5 1
0.84 0.65 1
0.84 0.83 1
0.84 0.84 1
0.84 0.88 1
0.84 2.15 1
0.84 2.28 1
0.85 0.17 2
0.85 0.25 3
0.85 0.33 1
0.85 0.4 1
0.85 0.47 3
0.85 0.5 4
0.85 0.63 1
0.85 0.67 1
0.85 0.75 1
0.85 0.8 1
0.85 0.85 2
0.85 0.89 1
0.85 0.93 1
0.85 1.0 10
0.85 1.15 1
0.85 1.17 1
0.85 1.48 1
0.85 1.5 10
0.85 1.66 1
0.85 1.75 1
0.85 11.94 1
0.85 2.0 3
0.85 2.5 1
0.85 3.0 1
0.85 3.38 2
0.85 3.75 2
0.85 3.94 1
0.85 5.0 1
0.86 0.05 1
0.86 0.25 8
0.86 0.44 1
0.86 0.5 5
0.86 0.54 1
0.86 0.62 1
0.86 0.63 2
0.86 0.83 1
0.86 0.86 30
0.86 0.87 1
0.86 0.88 1
0.86 0.92 1
0.86 1.0 9
0.86 1.58 1
0.86 2.28 1
0.87 0.06 6
0.87 0.12 7
0.87 0.13 3
0.87 0.25 1
0.87 0.31 2
0.87 0.32 1
0.87 0.33 2
0.87 0.43 1
0.87 0.63 1
0.87 0.64 1
0.87 0.67 1
0.87 0.86 1
0.87 0.91 1
0.87 0.94 1
0.87 0.98 1
0.87 1.0 9
0.87 2.08 1
0.88 0.06 2
0.88 0.12 4
0.88 0.13 7
0.88 0.19 1
0.88 0.2 1
0.88 0.23 1
0.88 0.27 1
0.88 0.29 1
0.88 0.33 2
0.88 0.35 1
0.88 0.4 2
0.88 0.45 2
0.88 0.5 7
0.88 0.52 1
0.88 0.53 1
0.88 0.61 1
0.88 0.65 1
0.88 0.74 1
0.88 0.75 1
0.88 0.83 2
0.88 0.84 1
0.88 0.86 2
0.88 0.87 3
0.88 0.88 13
0.88 0.91 1
0.88 0.92 1
0.88 0.94 1
0.88 0.95 1
0.88 0.97 2
0.88 0.99 2
0.88 1.0 9
0.88 1.13 2
0.88 1.16 1
0.88 1.78 1
0.88 3.2 1
0.88 3.81 3
0.88 8.0 1
0.88 9.0 1
0.89 0.12 1
0.89 0.25 1
0.89 0.3 2
0.89 0.33 1
0.89 0.36 3
0.89 0.49 1
0.89 0.5 2
0.89 0.83 1
0.89 0.86 1
0.89 0.87 1
0.89 0.88 1
0.89 0.89 3
0.89 0.91 1
0.89 0.98 1
0.89 0.99 2
0.89 1.0 4
0.89 1.23 1
0.89 13.0 1
0.89 4.08 1
0.89 4.14 1
0.89 9.0 1
0.9 0.05 8
0.9 0.1 1
0.9 0.13 1
0.9 0.25 3
0.9 0.31 4
0.9 0.34 1
0.9 0.38 3
0.9 0.48 1
0.9 0.5 5
0.9 0.65 1
0.9 0.76 1
0.9 0.88 1
0.9 0.9 2
0.9 0.92 1
0.9 1.0 20
0.9 1.12 1
0.9 1.13 2
0.9 1.18 1
0.9 2.76 1
0.91 0.11 1
0.91 0.2 1
0.91 0.41 1
0.91 0.46 1
0.91 0.62 1
0.91 0.81 1
0.91 0.85 1
0.91 0.87 1
0.91 0.99 1
0.91 1.0 5
0.91 1.23 1
0.91 1.5 3
0.91 1.54 1
0.91 1.58 2
0.91 2.74 1
0.91 3.18 1
0.91 3.34 1
0.92 0.17 4
0.92 0.18 1
0.92 0.21 12
0.92 0.25 10
0.92 0.33 2
0.92 0.34 1
0.92 0.38 4
0.92 0.42 13
0.92 0.44 1
0.92 0.5 26
0.92 0.73 1
0.92 0.75 2
0.92 0.9 1
0.92 0.91 1
0.92 0.92 41
0.92 0.94 1
0.92 0.96 1
0.92 1.0 16
0.92 1.08 7
0.92 1.42 5
0.92 1.5 13
0.92 2.92 1
0.92 3.0 6
0.93 0.38 1
0.93 0.43 1
0.93 0.5 1
0.93 0.53 1
0.93 0.54 2
0.93 0.62 1
0.93 0.9 1
0.93 0.99 1
0.93 1.0 2
0.93 1.02 1
0.93 1.05 1
0.93 1.15 2
0.93 1.25 1
0.94 0.12 1
0.94 0.13 2
0.94 0.17 1
0.94 0.24 1
0.94 0.25 1
0.94 0.31 1
0.94 0.32 1
0.94 0.38 1
0.94 0.46 1
0.94 0.5 6
0.94 0.75 1
0.94 0.8 1
0.94 0.82 1
0.94 0.87 1
0.94 0.88 4
0.94 0.99 3
0.94 1.0 5
0.94 1.06 1
0.94 1.13 3
0.94 1.18 1
0.94 1.5 8
0.94 2.0 1
0.94 2.02 1
0.94 2.25 1
0.94 2.5 2
0.94 3.0 1
0.94 3.19 1
0.94 5.0 1
0.95 0.56 1
0.95 0.88 1
0.95 0.91 1
0.95 0.97 1
0.95 1.0 4
0.95 1.23 1
0.95 2.33 1
0.96 0.08 1
0.96 0.25 2
0.96 0.39 1
0.96 0.4 2
0.96 0.47 2
0.96 0.5 3
0.96 0.54 1
0.96 0.79 1
0.96 0.83 1
0.96 0.9 1
0.96 0.93 1
0.96 0.96 1
0.96 1.0 1
0.96 1.04 5
0.96 1.06 1
0.96 1.19 1
0.96 1.22 1
0.96 1.68 5
0.96 2.51 1
0.96 3.65 1
0.97 0.09 1
0.97 0.13 1
0.97 0.83 1
0.97 0.92 1
0.97 0.99 1
0.97 1.02 1
0.97 1.04 2
0.97 1.22 1
0.97 1.23 1
0.97 1.29 1
0.97 3.41 1
0.98 0.12 2
0.98 0.17 4
0.98 0.23 73
0.98 0.24 1
0.98 0.25 37
0.98 0.33 3
0.98 0.4 2
0.98 0.42 1
0.98 0.48 46
0.98 0.5 180
0.98 0.65 1
0.98 0.75 6
0.98 0.95 1
0.98 0.97 1
0.98 0.98 207
0.98 1.0 78
0.98 1.13 3
0.98 1.23 1
0.98 1.25 1
0.98 1.48 2
0.98 1.5 21
0.98 1.98 1
0.98 2.0 63
0.98 2.02 1
0.98 2.5 2
0.98 2.98 5
0.98 3.0 12
0.98 3.08 1
0.98 3.97 1
0.98 4.0 14
0.98 4.25 3
0.98 4.98 5
0.98 6.24 1
0.99 0.08 2
0.99 0.1 4
0.99 0.12 14
0.99 0.13 44
0.99 0.14 1
0.99 0.16 3
0.99 0.17 103
0.99 0.19 1
0.99 0.21 5
0.99 0.23 1
0.99 0.24 113
0.99 0.25 217
0.99 0.26 1
0.99 0.29 3
0.99 0.33 21
0.99 0.38 7
0.99 0.42 3
0.99 0.49 229
0.99 0.5 787
0.99 0.51 6
0.99 0.53 1
0.99 0.54 5
0.99 0.63 1
0.99 0.67 1
0.99 0.73 1
0.99 0.74 14
0.99 0.75 17
0.99 0.83 7
0.99 0.87 1
0.99 0.88 2
0.99 0.99 1569
0.99 1.0 819
0.99 1.01 20
0.99 1.02 2
0.99 1.04 2
0.99 1.07 1
0.99 1.25 1
0.99 1.38 6
0.99 1.45 1
0.99 1.49 14
0.99 1.5 67
0.99 1.51 3
0.99 1.54 1
0.99 1.62 4
0.99 1.63 6
0.99 1.68 4
0.99 1.99 129
0.99 11.99 3
0.99 12.0 1
0.99 12.99 1
0.99 15.99 1
0.99 2.0 312
0.99 2.01 5
0.99 2.13 2
0.99 2.47 1
0.99 2.49 1
0.99 2.74 1
0.99 2.99 29
0.99 3.0 56
0.99 3.05 1
0.99 3.35 1
0.99 3.68 2
0.99 3.98 1
0.99 3.99 36
0.99 4.0 137
0.99 4.83 1
0.99 4.99 4
0.99 5.0 2
0.99 5.75 1
0.99 5.99 1
0.99 6.0 5
0.99 6.25 1
0.99 7.0 1
0.99 8.0 3
0.99 8.74 1
0.99 8.99 3
1.0 0.03 1
1.0 0.04 1
1.0 0.05 2
1.0 0.06 49
1.0 0.08 3
1.0 0.09 2
1.0 0.1 3
1.0 0.11 4
1.0 0.12 69
1.0 0.13 165
1.0 0.15 1
1.0 0.16 3
1.0 0.17 261
1.0 0.18 1
1.0 0.19 6
1.0 0.2 89
1.0 0.21 153
1.0 0.22 2
1.0 0.23 10
1.0 0.24 94
1.0 0.25 1538
1.0 0.27 2
1.0 0.29 3
1.0 0.3 5
1.0 0.31 5
1.0 0.33 78
1.0 0.34 6
1.0 0.35 1
1.0 0.37 16
1.0 0.38 45
1.0 0.4 57
1.0 0.41 4
1.0 0.42 155
1.0 0.43 2
1.0 0.44 1
1.0 0.45 1
1.0 0.46 2
1.0 0.47 14
1.0 0.48 63
1.0 0.49 1067
1.0 0.5 6680
1.0 0.51 1
1.0 0.52 1
1.0 0.54 1
1.0 0.55 5
1.0 0.56 2
1.0 0.57 1
1.0 0.58 6
1.0 0.6 6
1.0 0.61 2
1.0 0.62 1
1.0 0.63 120
1.0 0.64 3
1.0 0.65 1
1.0 0.66 3
1.0 0.67 13
1.0 0.69 4
1.0 0.71 2
1.0 0.73 2
1.0 0.74 9
1.0 0.75 1557
1.0 0.78 3
1.0 0.79 50
1.0 0.8 24
1.0 0.81 7
1.0 0.82 25
1.0 0.83 4111
1.0 0.84 1
1.0 0.85 17
1.0 0.86 9
1.0 0.87 10
1.0 0.88 17
1.0 0.89 4
1.0 0.9 27
1.0 0.91 2
1.0 0.92 3
1.0 0.94 10
1.0 0.95 2
1.0 0.96 6
1.0 0.97 2
1.0 0.98 101
1.0 0.99 1083
1.0 1.0 30162
1.0 1.01 10
1.0 1.02 1
1.0 1.03 1
1.0 1.04 9
1.0 1.06 2
1.0 1.07 2
1.0 1.08 57
1.0 1.09 5
1.0 1.1 2
1.0 1.11 6
1.0 1.12 9
1.0 1.13 23
1.0 1.14 6
1.0 1.15 3
1.0 1.16 9
1.0 1.17 31
1.0 1.18 12
1.0 1.19 6
1.0 1.2 9
1.0 1.21 3
1.0 1.24 3
1.0 1.25 28
1.0 1.33 35
1.0 1.37 1
1.0 1.38 1
1.0 1.42 1
1.0 1.48 1
1.0 1.49 42
1.0 1.5 916
1.0 1.53 1
1.0 1.54 1
1.0 1.59 10
1.0 1.6 4
1.0 1.67 9
1.0 1.68 105
1.0 1.75 1711
1.0 1.83 13
1.0 1.94 3
1.0 1.98 2
1.0 1.99 168
1.0 10.75 7
1.0 11.0 1
1.0 11.75 1
1.0 11.99 2
1.0 12.0 2
1.0 12.5 5
1.0 13.0 4
1.0 15.75 2
1.0 16.0 1
1.0 2.0 1660
1.0 2.08 6
1.0 2.12 1
1.0 2.13 4
1.0 2.16 2
1.0 2.17 3
1.0 2.2 5
1.0 2.21 3
1.0 2.25 11
1.0 2.33 1
1.0 2.42 1
1.0 2.49 1
1.0 2.5 30
1.0 2.51 3
1.0 2.71 1
1.0 2.72 1
1.0 2.75 342
1.0 2.83 20
1.0 2.99 32
1.0 20.0 2
1.0 3.0 346
1.0 3.01 1
1.0 3.12 2
1.0 3.13 2
1.0 3.14 1
1.0 3.16 2
1.0 3.18 1
1.0 3.19 2
1.0 3.22 1
1.0 3.23 2
1.0 3.35 14
1.0 3.5 29
1.0 3.68 5
1.0 3.75 152
1.0 3.83 11
1.0 3.94 1
1.0 3.99 13
1.0 4.0 153
1.0 4.08 4
1.0 4.15 2
1.0 4.17 1
1.0 4.25 1
1.0 4.5 8
1.0 4.75 8
1.0 4.83 22
1.0 4.99 3
1.0 5.0 44
1.0 5.5 1
1.0 5.68 2
1.0 5.75 39
1.0 5.99 6
1.0 6.0 26
1.0 6.53 1
1.0 6.75 5
1.0 6.83 11
1.0 7.0 13
1.0 7.35 6
1.0 7.75 17
1.0 8.0 18
1.0 8.35 3
1.0 8.75 14
1.0 8.83 1
1.0 9.0 7
1.0 9.75 1
1.01 0.13 1
1.01 0.24 1
1.01 0.25 2
1.01 0.49 1
1.01 0.5 6
1.01 0.83 2
1.01 0.99 10
1.01 1.0 14
1.01 1.03 1
1.01 1.85 1
1.01 1.99 6
1.01 2.0 3
1.01 3.0 1
1.02 0.16 1
1.02 0.2 1
1.02 0.25 1
1.02 0.33 1
1.02 0.46 2
1.02 0.48 8
1.02 0.5 4
1.02 0.61 1
1.02 0.91 1
1.02 0.98 4
1.02 1.0 1
1.02 1.87 1
1.02 1.92 1
1.02 2.0 1
1.02 3.52 1
1.03 0.5 2
1.03 0.54 1
1.03 0.94 1
1.03 0.99 1
1.04 0.08 1
1.04 0.2 1
1.04 0.21 2
1.04 0.25 1
1.04 0.42 2
1.04 0.43 1
1.04 0.45 1
1.04 0.46 1
1.04 0.49 2
1.04 0.5 3
1.04 0.71 1
1.04 0.74 1
1.04 0.83 1
1.04 0.96 2
1.04 0.99 4
1.04 1.0 8
1.04 1.46 1
1.04 1.68 2
1.04 1.83 1
1.04 1.92 1
1.04 1.99 4
1.05 0.2 1
1.05 0.45 1
1.05 1.95 1
1.06 0.06 1
1.06 0.13 1
1.06 0.15 2
1.06 0.25 4
1.06 0.43 1
1.06 0.52 1
1.06 1.0 1
1.06 1.1 1
1.07 0.2 1
1.07 0.37 1
1.07 0.77 1
1.07 0.93 2
1.07 0.97 2
1.07 1.21 1
1.08 0.25 3
1.08 0.33 2
1.08 0.38 1
1.08 0.5 10
1.08 0.58 6
1.08 0.6 1
1.08 0.73 1
1.08 0.75 10
1.08 0.76 1
1.08 0.83 2
1.08 0.85 1
1.08 0.92 4
1.08 1.0 58
1.08 1.08 98
1.08 1.13 1
1.08 1.17 16
1.08 1.67 1
1.08 1.75 6
1.08 2.0 2
1.08 2.02 1
1.08 2.08 2
1.08 2.09 1
1.08 2.66 1
1.08 3.0 1
1.08 4.0 2
1.08 7.0 1
1.09 0.16 1
1.09 0.18 1
1.09 0.2 2
1.09 0.25 1
1.09 0.75 1
1.09 1.0 5
1.09 1.09 1
1.09 1.13 1
1.1 0.25 1
1.1 0.31 1
1.1 0.59 1
1.1 0.8 1
1.1 0.83 1
1.1 1.0 3
1.1 1.1 2
1.1 1.12 1
1.1 1.13 1
1.1 1.18 1
1.1 1.42 1
1.1 1.87 1
1.1 2.02 1
1.11 0.5 2
1.11 0.58 1
1.11 0.88 1
1.11 1.0 7
1.11 1.11 1
1.12 0.12 4
1.12 0.13 3
1.12 0.33 2
1.12 0.38 1
1.12 0.48 1
1.12 0.5 1
1.12 0.62 1
1.12 0.75 9
1.12 0.88 1
1.12 1.0 9
1.12 1.06 1
1.12 1.12 7
1.12 1.18 1
1.12 1.75 1
1.12 4.0 1
1.13 0.09 1
1.13 0.12 1
1.13 0.13 14
1.13 0.18 1
1.13 0.19 2
1.13 0.38 1
1.13 0.45 2
1.13 0.5 4
1.13 0.57 1
1.13 0.58 1
1.13 0.75 4
1.13 0.81 1
1.13 1.0 16
1.13 1.06 1
1.13 1.07 1
1.13 1.08 1
1.13 1.13 8
1.13 1.25 2
1.13 1.48 1
1.13 1.75 2
1.13 3.0 1
1.13 3.19 1
1.14 0.35 1
1.14 0.4 1
1.14 0.57 1
1.14 0.69 1
1.14 1.0 5
1.14 1.18 1
1.15 0.4 1
1.15 0.41 1
1.15 0.45 1
1.15 0.5 1
1.15 0.84 1
1.15 1.0 3
1.15 1.3 1
1.16 0.17 1
1.16 0.2 1
1.16 0.25 1
1.16 0.63 1
1.16 0.75 14
1.16 0.87 1
1.16 0.88 1
1.16 1.0 12
1.16 1.16 4
1.16 1.27 1
1.17 0.09 1
1.17 0.13 2
1.17 0.17 2
1.17 0.25 5
1.17 0.33 2
1.17 0.37 1
1.17 0.43 1
1.17 0.5 6
1.17 0.6 1
1.17 0.7 1
1.17 0.75 6
1.17 1.0 30
1.17 1.08 14
1.17 1.17 31
1.17 1.19 1
1.17 1.75 1
1.17 2.0 1
1.17 3.0 1
1.17 4.08 1
1.18 0.19 1
1.18 0.5 1
1.18 0.76 1
1.18 0.78 2
1.18 0.81 1
1.18 0.84 1
1.18 0.88 1
1.18 0.91 1
1.18 0.93 1
1.18 1.0 13
1.18 1.11 2
1.18 1.13 1
1.18 1.16 1
1.18 1.26 1
1.18 1.5 1
1.18 3.23 1
1.18 4.19 1
1.19 0.75 3
1.19 1.0 3
1.19 1.15 1
1.19 1.17 1
1.19 1.18 2
1.19 1.19 2
1.19 1.38 1
1.2 0.25 33
1.2 0.4 3
1.2 0.44 2
1.2 0.5 9
1.2 0.51 1
1.2 0.83 1
1.2 1.0 6
1.2 1.2 8
1.2 2.01 2
1.21 0.15 1
1.21 0.21 2
1.21 0.25 1
1.21 0.49 2
1.21 1.0 3
1.21 1.26 1
1.21 1.58 1
1.21 1.84 1
1.22 0.38 1
1.22 0.41 1
1.22 0.48 1
1.22 0.68 1
1.22 0.88 1
1.22 1.0 1
1.22 1.18 1
1.22 3.21 1
1.23 0.13 1
1.23 0.22 1
1.23 0.38 1
1.23 0.76 1
1.23 0.85 1
1.23 1.06 1
1.23 1.23 1
1.23 1.25 1
1.23 1.59 1
1.23 2.82 1
1.23 5.78 1
1.23 5.81 1
1.23 5.83 1
1.24 0.24 6
1.24 0.25 1
1.24 0.5 28
1.24 0.67 1
1.24 0.8 1
1.24 1.0 1
1.24 1.18 1
1.24 1.24 24
1.24 2.0 2
1.24 2.74 1
1.25 0.06 2
1.25 0.12 4
1.25 0.13 15
1.25 0.16 1
1.25 0.17 12
1.25 0.2 2
1.25 0.21 7
1.25 0.24 10
1.25 0.25 146
1.25 0.27 2
1.25 0.3 2
1.25 0.33 1
1.25 0.37 1
1.25 0.38 1
1.25 0.5 53
1.25 0.75 1
1.25 0.83 2
1.25 0.92 1
1.25 1.0 12
1.25 1.02 1
1.25 1.08 1
1.25 1.13 4
1.25 1.17 1
1.25 1.21 1
1.25 1.25 5
1.25 1.5 1
1.25 2.0 1
1.25 4.0 1
1.25 5.79 1
1.25 5.8 1
1.26 0.49 1
1.26 0.61 1
1.26 0.66 1
1.26 0.89 1
1.26 3.73 1
1.27 0.27 1
1.27 0.63 1
1.27 1.0 1
1.27 1.2 1
1.27 1.21 1
1.28 0.13 1
1.28 0.14 1
1.28 0.29 1
1.28 2.49 1
1.29 0.72 1
1.29 5.79 1
1.3 0.17 1
1.3 1.88 1
1.3 3.11 1
1.32 0.16 1
1.32 2.89 1
1.33 0.13 3
1.33 0.17 8
1.33 0.24 4
1.33 0.25 2
1.33 0.32 1
1.33 0.33 7
1.33 0.34 5
1.33 0.49 11
1.33 0.5 28
1.33 0.67 5
1.33 0.83 23
1.33 1.0 19
1.33 1.33 14
1.33 1.5 2
1.33 1.75 1
1.33 2.0 6
1.33 2.5 2
1.33 2.75 8
1.36 0.46 1
1.36 1.2 1
1.37 0.12 2
1.37 0.13 4
1.37 0.5 8
1.37 0.63 1
1.37 1.78 1
1.38 0.13 1
1.38 0.25 14
1.38 0.5 39
1.38 0.62 3
1.38 0.99 12
1.38 1.0 2
1.38 1.28 1
1.38 1.32 1
1.38 1.38 16
1.38 1.5 2
1.39 0.91 1
1.41 0.25 1
1.42 0.1 5
1.42 0.21 5
1.42 0.25 1
1.42 0.42 9
1.42 0.5 10
1.42 0.66 1
1.42 0.75 8
1.42 0.83 4
1.42 0.92 1
1.42 1.0 8
1.42 1.42 8
1.42 1.43 1
1.42 1.5 7
1.42 2.0 4
1.42 2.51 1
1.42 2.92 1
1.42 3.0 1
1.42 3.06 1
1.43 0.92 1
1.43 1.73 1
1.44 3.77 1
1.45 0.5 1
1.46 0.21 3
1.46 1.04 1
1.46 1.67 1
1.47 0.25 1
1.47 0.5 4
1.47 0.83 1
1.47 1.25 1
1.48 0.23 3
1.48 0.25 7
1.48 0.48 3
1.48 0.5 6
1.48 0.55 1
1.48 1.0 1
1.48 1.71 1
1.48 4.97 1
1.48 7.26 1
1.49 0.13 1
1.49 0.15 1
1.49 0.17 14
1.49 0.19 1
1.49 0.21 1
1.49 0.24 9
1.49 0.25 16
1.49 0.49 23
1.49 0.5 43
1.49 0.74 1
1.49 0.83 4
1.49 0.98 1
1.49 0.99 19
1.49 1.0 18
1.49 1.04 1
1.49 1.25 2
1.49 1.49 26
1.49 1.5 7
1.49 1.61 1
1.49 1.68 6
1.49 1.99 2
1.49 2.0 8
1.49 2.99 1
1.49 3.0 1
1.5 0.12 4
1.5 0.13 37
1.5 0.17 278
1.5 0.18 1
1.5 0.21 22
1.5 0.23 4
1.5 0.24 40
1.5 0.25 563
1.5 0.26 1
1.5 0.37 11
1.5 0.38 4
1.5 0.42 17
1.5 0.46 1
1.5 0.48 3
1.5 0.49 257
1.5 0.5 3500
1.5 0.51 3
1.5 0.67 1
1.5 0.75 1
1.5 0.83 59
1.5 0.92 14
1.5 1.0 98
1.5 1.12 1
1.5 1.25 2
1.5 1.33 2
1.5 1.42 4
1.5 1.46 1
1.5 1.49 4
1.5 1.5 349
1.5 1.75 7
1.5 1.99 4
1.5 2.0 9
1.5 2.5 4
1.5 2.75 11
1.5 2.92 3
1.5 3.0 13
1.5 3.42 1
1.5 3.92 1
1.5 4.0 1
1.5 4.96 1
1.5 6.49 2
1.5 7.0 2
1.5 9.53 1
1.51 0.5 7
1.51 3.27 1
1.52 0.15 1
1.52 0.75 1
1.53 1.77 1
1.53 1.88 1
1.53 3.45 1
1.53 9.55 1
1.54 0.17 1
1.54 0.29 1
1.54 0.46 2
1.54 0.58 1
1.54 0.96 1
1.54 3.0 1
1.54 3.23 1
1.54 3.31 1
1.57 0.99 2
1.57 1.75 1
1.58 0.4 1
1.58 0.49 1
1.58 0.5 2
1.58 0.56 2
1.58 0.97 1
1.58 1.08 1
1.58 1.5 2
1.59 0.17 1
1.59 0.25 2
1.59 0.26 1
1.59 0.5 5
1.59 0.79 12
1.59 1.0 21
1.59 1.59 2
1.59 1.96 1
1.6 0.25 1
1.6 0.4 5
1.6 0.5 1
1.6 1.0 4
1.61 0.32 1
1.61 0.98 1
1.61 1.74 1
1.61 1.95 1
1.62 0.4 1
1.62 1.99 4
1.62 2.0 9
1.63 0.25 2
1.63 0.28 1
1.63 0.37 1
1.63 1.99 6
1.63 2.0 21
1.64 1.98 1
1.65 0.15 1
1.66 0.33 1
1.67 0.17 1
1.67 0.21 2
1.67 0.25 1
1.67 0.33 8
1.67 0.4 1
1.67 0.47 1
1.67 0.5 2
1.67 0.58 1
1.67 0.69 1
1.68 0.1 3
1.68 0.11 2
1.68 0.12 5
1.68 0.13 4
1.68 0.17 1
1.68 0.21 52
1.68 0.24 3
1.68 0.25 77
1.68 0.29 1
1.68 0.32 4
1.68 0.33 1
1.68 0.42 28
1.68 0.5 47
1.68 0.63 1
1.68 0.67 1
1.68 0.75 1
1.68 0.83 120
1.68 0.96 1
1.68 0.99 5
1.68 1.0 93
1.68 1.25 9
1.68 1.49 3
1.68 1.5 11
1.68 1.68 248
1.68 1.75 4
1.68 1.83 1
1.68 1.96 1
1.68 1.99 2
1.68 2.0 35
1.68 2.51 8
1.68 2.83 1
1.68 3.0 2
1.68 3.35 11
1.68 3.68 4
1.68 5.03 2
1.68 5.83 2
1.68 6.0 4
1.68 6.5 2
1.68 7.35 2
1.68 8.83 1
1.69 5.78 1
1.7 0.12 1
1.7 0.13 1
1.7 0.5 1
1.71 0.42 1
1.71 0.5 2
1.71 3.38 1
1.73 1.73 2
1.73 1.75 2
1.73 2.52 1
1.73 3.27 1
1.74 1.0 1
1.74 2.33 1
1.74 2.5 1
1.75 0.05 5
1.75 0.06 1
1.75 0.08 2
1.75 0.12 3
1.75 0.13 32
1.75 0.17 156
1.75 0.18 1
1.75 0.21 1
1.75 0.24 2
1.75 0.25 517
1.75 0.33 8
1.75 0.34 2
1.75 0.35 1
1.75 0.38 2
1.75 0.43 1
1.75 0.49 65
1.75 0.5 492
1.75 0.63 85
1.75 0.67 5
1.75 0.74 2
1.75 0.75 83
1.75 0.83 507
1.75 0.89 1
1.75 0.9 2
1.75 0.95 1
1.75 0.99 1
1.75 1.0 1659
1.75 1.25 1
1.75 1.33 8
1.75 1.49 2
1.75 1.5 235
1.75 1.75 1956
1.75 1.83 15
1.75 11.75 5
1.75 12.0 2
1.75 12.83 2
1.75 13.0 3
1.75 15.75 2
1.75 15.83 2
1.75 19.75 2
1.75 2.0 242
1.75 2.25 4
1.75 2.5 10
1.75 2.63 2
1.75 2.75 131
1.75 2.83 7
1.75 3.0 43
1.75 3.28 1
1.75 3.75 203
1.75 3.83 1
1.75 4.0 28
1.75 4.5 3
1.75 4.67 1
1.75 4.83 16
1.75 5.0 20
1.75 5.75 28
1.75 6.0 3
1.75 6.5 1
1.75 6.83 1
1.75 7.75 22
1.75 8.0 1
1.75 8.75 1
1.75 8.83 2
1.75 9.0 5
1.75 9.75 3
1.76 0.24 1
1.77 3.38 1
1.78 0.18 1
1.78 0.56 1
1.78 0.78 1
1.78 0.91 1
1.79 0.14 1
1.82 0.23 1
1.82 0.93 1
1.82 0.94 1
1.83 0.17 1
1.83 0.21 10
1.83 0.22 1
1.83 0.33 1
1.83 0.42 10
1.83 0.5 11
1.83 0.83 21
1.83 1.0 17
1.83 1.68 2
1.83 1.75 1
1.83 1.83 10
1.83 1.99 1
1.83 2.0 12
1.83 2.17 1
1.83 2.5 2
1.83 3.0 3
1.83 3.75 1
1.83 6.0 1
1.83 8.0 1
1.84 0.8 1
1.84 0.81 1
1.85 0.33 1
1.86 0.45 1
1.87 0.5 1
1.87 0.75 2
1.87 0.83 1
1.87 0.94 1
1.87 1.0 7
1.87 1.53 1
1.87 2.63 1
1.87 7.23 1
1.88 0.2 1
1.88 0.5 4
1.88 0.75 1
1.88 0.83 2
1.88 0.94 1
1.88 1.0 3
1.88 1.75 1
1.88 2.0 1
1.88 2.52 1
1.89 0.33 1
1.89 0.83 2
1.89 1.89 6
1.9 0.53 1
1.9 1.3 1
1.91 0.86 1
1.91 1.1 1
1.91 1.74 1
1.92 1.69 1
1.92 1.73 1
1.92 2.17 1
1.93 0.93 1
1.93 1.15 1
1.94 1.0 2
1.94 2.0 2
1.95 1.04 1
1.95 1.5 1
1.95 2.06 2
1.96 2.0 2
1.96 4.04 1
1.98 0.23 1
1.98 0.48 1
1.98 0.49 1
1.98 0.5 1
1.98 0.98 4
1.98 1.95 1
1.98 1.98 1
1.98 2.1 1
1.98 4.0 2
1.99 0.12 4
1.99 0.13 3
1.99 0.17 29
1.99 0.21 6
1.99 0.24 16
1.99 0.25 27
1.99 0.29 1
1.99 0.33 2
1.99 0.42 5
1.99 0.45 1
1.99 0.49 56
1.99 0.5 149
1.99 0.54 2
1.99 0.66 1
1.99 0.75 5
1.99 0.83 1
1.99 0.99 99
1.99 1.0 180
1.99 1.01 4
1.99 1.38 2
1.99 1.49 4
1.99 1.5 10
1.99 1.57 2
1.99 1.62 1
1.99 1.63 3
1.99 1.68 1
1.99 1.99 133
1.99 12.0 1
1.99 15.99 1
1.99 2.0 65
1.99 2.01 3
1.99 2.04 2
1.99 2.13 1
1.99 2.74 1
1.99 2.75 1
1.99 2.99 5
1.99 3.0 5
1.99 3.99 14
1.99 4.0 28
1.99 4.01 1
1.99 4.24 2
1.99 5.83 1
1.99 5.99 2
1.99 6.0 1
1.99 6.99 1
1.99 7.0 4
1.99 8.0 1
10.0 0.17 1
10.0 0.5 5
10.0 1.0 1
10.0 1.5 2
10.0 2.0 2
10.49 1.0 2
10.5 0.5 1
10.75 1.0 7
10.83 1.0 2
11.0 0.5 1
11.0 1.0 1
11.35 0.12 1
11.35 1.0 1
11.35 1.68 1
11.35 7.35 2
11.5 0.4 1
11.75 0.25 2
11.75 0.83 2
11.75 1.0 7
11.75 3.49 4
11.75 3.75 1
11.75 4.0 2
11.75 4.83 1
11.75 9.83 1
11.94 3.38 1
11.94 3.44 1
11.99 0.17 1
11.99 0.25 1
11.99 0.49 2
11.99 0.5 2
11.99 0.99 2
11.99 11.99 5
11.99 4.99 1
12.0 0.83 3
12.0 1.0 5
12.0 1.5 1
12.0 2.0 3
12.0 3.49 1
12.0 3.75 1
12.0 8.0 1
12.5 0.25 1
12.5 0.5 5
12.5 1.0 1
12.83 1.0 1
12.83 1.75 2
12.83 3.75 2
12.99 0.49 2
12.99 0.5 3
12.99 1.99 1
13.0 1.0 9
13.0 8.0 1
13.0 9.0 2
13.75 1.75 1
14.75 15.83 2
14.83 0.25 3
14.83 0.5 1
14.83 1.75 2
15.0 1.0 1
15.75 0.5 1
15.75 0.83 5
15.75 1.0 3
15.75 1.75 2
15.75 3.75 1
15.83 1.0 1
15.83 1.75 2
15.83 6.83 2
15.99 0.49 1
15.99 3.99 1
16.0 0.5 1
16.0 0.99 1
16.5 0.5 1
16.83 1.0 3
16.83 1.49 1
16.83 1.5 2
16.83 3.75 1
16.99 0.5 1
17.0 1.0 3
17.75 0.83 2
19.75 1.5 2
19.75 3.75 2
2.0 0.06 1
2.0 0.08 1
2.0 0.12 9
2.0 0.13 44
2.0 0.16 1
2.0 0.17 45
2.0 0.2 3
2.0 0.21 15
2.0 0.23 4
2.0 0.24 8
2.0 0.25 171
2.0 0.27 2
2.0 0.3 2
2.0 0.33 6
2.0 0.38 10
2.0 0.42 62
2.0 0.44 1
2.0 0.47 1
2.0 0.48 9
2.0 0.49 298
2.0 0.5 684
2.0 0.53 2
2.0 0.63 4
2.0 0.67 1
2.0 0.71 1
2.0 0.75 129
2.0 0.83 376
2.0 0.85 1
2.0 0.86 1
2.0 0.87 1
2.0 0.88 1
2.0 0.9 1
2.0 0.94 2
2.0 0.96 1
2.0 0.98 44
2.0 0.99 379
2.0 1.0 1992
2.0 1.01 1
2.0 1.08 3
2.0 1.1 1
2.0 1.17 2
2.0 1.25 4
2.0 1.33 1
2.0 1.42 6
2.0 1.47 1
2.0 1.48 8
2.0 1.49 7
2.0 1.5 221
2.0 1.59 2
2.0 1.67 1
2.0 1.68 79
2.0 1.7 1
2.0 1.75 345
2.0 1.83 14
2.0 1.87 1
2.0 1.88 1
2.0 1.98 6
2.0 1.99 112
2.0 10.0 1
2.0 12.0 1
2.0 16.0 1
2.0 2.0 1908
2.0 2.06 1
2.0 2.1 1
2.0 2.13 2
2.0 2.15 1
2.0 2.25 2
2.0 2.5 8
2.0 2.75 10
2.0 2.83 2
2.0 2.99 2
2.0 3.0 59
2.0 3.09 1
2.0 3.35 5
2.0 3.75 5
2.0 3.83 2
2.0 3.94 1
2.0 3.99 17
2.0 4.0 61
2.0 4.5 3
2.0 5.0 2
2.0 5.68 2
2.0 7.0 1
2.0 8.0 5
2.0 8.99 2
2.0 9.0 1
2.0 9.99 1
2.01 0.25 1
2.01 0.51 1
2.01 0.99 1
2.01 1.0 9
2.01 2.0 1
2.02 0.25 1
2.02 0.38 1
2.02 0.45 1
2.02 0.71 1
2.02 1.0 1
2.03 1.0 1
2.03 1.52 1
2.04 1.0 1
2.04 2.0 1
2.06 1.02 1
2.06 1.83 1
2.06 2.07 1
2.06 3.03 1
2.07 3.73 1
2.08 0.22 1
2.08 0.48 1
2.08 0.54 1
2.08 1.0 5
2.08 1.17 4
2.08 2.08 5
2.08 2.17 1
2.09 0.42 1
2.09 1.11 1
2.1 0.6 1
2.1 1.26 1
2.1 3.14 1
2.12 0.12 1
2.12 0.13 2
2.12 2.0 1
2.13 0.12 2
2.13 0.13 3
2.13 0.4 2
2.13 0.49 2
2.13 0.6 1
2.13 1.0 6
2.13 1.16 1
2.13 2.0 2
2.14 0.6 1
2.15 0.4 1
2.15 0.53 1
2.15 1.98 1
2.16 0.11 1
2.16 0.4 1
2.16 4.0 1
2.17 0.17 1
2.17 1.0 2
2.17 1.25 1
2.17 1.75 2
2.17 1.92 1
2.17 2.0 1
2.17 2.17 5
2.19 0.5 4
2.2 0.65 4
2.2 1.0 1
2.2 2.2 3
2.21 0.21 1
2.21 0.5 2
2.21 1.0 3
2.24 0.22 1
2.24 0.58 1
2.24 1.0 2
2.25 0.11 2
2.25 0.13 3
2.25 0.24 6
2.25 0.25 23
2.25 0.38 1
2.25 0.5 2
2.25 0.83 3
2.25 1.0 8
2.25 1.16 1
2.25 1.67 1
2.28 0.28 1
2.28 0.46 1
2.28 2.88 1
2.32 0.5 2
2.32 1.16 4
2.33 0.33 2
2.33 0.44 1
2.33 0.48 1
2.33 0.62 1
2.33 0.83 1
2.33 1.91 1
2.34 0.54 1
2.36 0.43 1
2.38 0.5 11
2.4 0.4 2
2.4 1.0 3
2.4 1.37 5
2.4 1.38 1
2.4 2.4 1
2.41 0.45 1
2.42 0.42 1
2.42 0.49 1
2.42 0.5 1
2.42 1.0 4
2.42 1.49 1
2.42 1.68 1
2.42 2.24 1
2.42 2.42 1
2.45 0.21 1
2.45 2.46 1
2.46 0.48 1
2.47 0.42 1
2.48 0.37 1
2.49 0.17 9
2.49 0.42 1
2.49 0.48 1
2.49 0.49 14
2.49 0.5 5
2.49 0.83 7
2.49 0.99 2
2.49 1.0 3
2.49 1.75 1
2.49 2.0 6
2.49 4.49 2
2.49 7.75 1
2.5 0.12 8
2.5 0.13 5
2.5 0.15 1
2.5 0.17 8
2.5 0.21 9
2.5 0.25 14
2.5 0.31 1
2.5 0.37 1
2.5 0.49 3
2.5 0.5 248
2.5 0.51 1
2.5 1.0 17
2.5 1.25 1
2.5 1.5 3
2.5 2.0 4
2.5 2.58 1
2.5 3.0 1
2.5 5.0 1
2.51 0.21 4
2.51 0.23 1
2.51 0.42 8
2.51 0.5 2
2.51 0.83 2
2.51 1.0 8
2.51 1.04 1
2.51 1.68 5
2.51 3.5 1
2.51 4.35 1
2.51 5.83 1
2.51 6.0 1
2.52 0.19 1
2.52 2.9 1
2.53 1.23 1
2.53 2.78 1
2.54 0.21 1
2.56 1.21 1
2.57 0.74 1
2.58 0.16 1
2.58 0.42 1
2.59 0.18 1
2.6 1.12 1
2.62 3.59 1
2.63 0.71 1
2.63 1.0 4
2.63 2.77 1
2.64 4.38 1
2.66 3.53 1
2.68 2.01 1
2.68 2.33 1
2.69 0.53 1
2.69 0.83 1
2.71 2.86 1
2.72 0.13 1
2.72 0.14 2
2.72 1.63 1
2.74 0.24 3
2.74 0.5 1
2.74 0.86 1
2.75 0.12 1
2.75 0.13 4
2.75 0.17 5
2.75 0.25 101
2.75 0.38 1
2.75 0.49 9
2.75 0.5 116
2.75 0.63 37
2.75 0.75 7
2.75 0.83 79
2.75 1.0 521
2.75 1.5 26
2.75 1.75 37
2.75 1.99 1
2.75 14.75 2
2.75 2.0 39
2.75 2.49 2
2.75 2.5 1
2.75 2.75 81
2.75 3.0 14
2.75 3.75 4
2.75 4.0 1
2.75 4.5 1
2.75 4.75 1
2.75 5.0 1
2.75 5.75 6
2.75 6.83 1
2.75 7.75 1
2.76 1.87 1
2.77 0.83 1
2.77 2.93 1
2.78 0.61 1
2.78 0.75 1
2.78 0.85 1
2.78 2.53 1
2.8 0.5 1
2.8 1.48 1
2.81 1.18 2
2.81 2.03 1
2.82 0.32 1
2.82 2.87 1
2.83 0.17 4
2.83 0.21 1
2.83 0.25 3
2.83 0.42 2
2.83 0.49 4
2.83 0.5 17
2.83 0.75 2
2.83 0.83 31
2.83 1.0 20
2.83 1.5 2
2.83 1.75 2
2.83 1.83 3
2.83 2.0 7
2.83 2.49 1
2.83 2.75 1
2.83 2.83 25
2.83 3.0 2
2.83 3.75 1
2.83 4.0 4
2.83 6.0 1
2.83 9.0 1
2.84 0.41 1
2.85 0.42 1
2.85 0.95 1
2.85 1.91 1
2.85 2.81 2
2.86 1.18 1
2.87 0.16 1
2.87 0.33 1
2.88 0.18 1
2.88 0.5 1
2.88 1.0 1
2.89 1.82 1
2.9 2.48 1
2.9 3.25 1
2.92 0.21 1
2.92 0.31 1
2.92 0.42 1
2.92 0.46 1
2.92 0.5 4
2.92 1.0 2
2.92 2.92 1
2.92 3.0 1
2.93 0.63 1
2.93 0.69 1
2.93 0.83 1
2.94 2.94 2
2.94 3.0 2
2.98 0.5 1
2.98 0.98 4
2.99 0.17 2
2.99 0.25 4
2.99 0.33 1
2.99 0.39 1
2.99 0.49 10
2.99 0.5 15
2.99 0.83 1
2.99 0.99 13
2.99 1.0 18
2.99 1.01 2
2.99 1.99 5
2.99 11.99 2
2.99 2.0 8
2.99 2.99 12
2.99 3.0 1
2.99 3.99 1
2.99 4.0 5
2.99 4.99 2
20.0 1.0 4
20.83 1.75 1
20.99 0.49 2
21.0 1.75 2
3.0 0.12 1
3.0 0.13 4
3.0 0.17 18
3.0 0.19 1
3.0 0.21 6
3.0 0.24 6
3.0 0.25 27
3.0 0.3 1
3.0 0.32 1
3.0 0.38 1
3.0 0.42 45
3.0 0.47 4
3.0 0.48 4
3.0 0.49 31
3.0 0.5 204
3.0 0.58 2
3.0 0.74 3
3.0 0.75 17
3.0 0.82 3
3.0 0.83 77
3.0 0.92 4
3.0 0.98 2
3.0 0.99 15
3.0 1.0 514
3.0 1.11 1
3.0 1.15 1
3.0 1.16 1
3.0 1.18 2
3.0 1.25 1
3.0 1.42 2
3.0 1.49 2
3.0 1.5 27
3.0 1.68 6
3.0 1.75 17
3.0 1.83 1
3.0 1.99 4
3.0 2.0 43
3.0 2.25 1
3.0 2.5 2
3.0 2.75 35
3.0 2.92 3
3.0 2.99 1
3.0 3.0 112
3.0 3.03 1
3.0 3.5 1
3.0 3.92 1
3.0 4.0 4
3.0 5.75 1
3.0 6.0 3
3.0 8.0 2
3.01 0.99 1
3.02 0.24 1
3.03 0.11 1
3.03 0.42 1
3.03 0.97 1
3.03 3.43 1
3.04 1.0 1
3.05 1.54 1
3.06 0.42 1
3.08 0.5 1
3.08 0.59 1
3.08 2.81 1
3.09 2.63 1
3.11 0.41 1
3.12 0.6 1
3.12 3.15 3
3.13 0.38 1
3.13 1.13 1
3.13 3.0 1
3.14 0.53 1
3.14 0.6 1
3.14 1.18 1
3.14 1.93 1
3.14 3.12 1
3.15 0.6 1
3.15 0.61 2
3.16 0.51 1
3.16 1.1 2
3.16 3.0 1
3.16 3.14 1
3.18 0.47 1
3.18 0.5 1
3.18 1.18 2
3.18 3.0 1
3.19 1.14 1
3.19 2.58 1
3.19 2.6 1
3.19 3.0 1
3.19 3.14 1
3.2 0.79 2
3.2 3.0 1
3.21 2.64 1
3.22 0.45 1
3.23 1.11 1
3.23 1.28 1
3.23 3.16 2
3.25 0.15 2
3.25 0.25 3
3.25 0.27 2
3.25 0.75 1
3.25 1.27 1
3.25 2.57 1
3.27 1.79 1
3.27 3.38 1
3.27 7.76 1
3.28 0.55 1
3.28 0.75 1
3.3 0.75 1
3.31 0.93 1
3.31 3.31 2
3.31 3.88 2
3.32 2.72 1
3.34 0.55 1
3.34 1.9 1
3.35 0.21 5
3.35 0.25 2
3.35 0.31 1
3.35 0.33 3
3.35 0.42 10
3.35 0.5 9
3.35 0.83 38
3.35 1.0 14
3.35 1.25 2
3.35 1.49 3
3.35 1.5 7
3.35 1.68 17
3.35 1.83 1
3.35 1.99 1
3.35 2.0 9
3.35 2.51 5
3.35 3.0 3
3.35 3.35 93
3.35 4.0 2
3.35 4.83 1
3.35 5.49 1
3.35 5.83 1
3.35 7.35 2
3.35 7.5 1
3.36 1.0 1
3.37 0.12 1
3.38 0.33 1
3.38 3.34 1
3.38 3.38 3
3.38 3.94 3
3.38 7.73 1
3.4 3.32 1
3.41 3.27 1
3.41 3.61 1
3.41 4.32 1
3.42 1.68 1
3.43 2.33 1
3.43 3.73 1
3.44 0.47 1
3.44 3.41 1
3.44 3.44 1
3.44 3.94 1
3.45 1.95 1
3.47 3.71 1
3.47 3.81 1
3.49 0.49 1
3.49 0.5 3
3.49 3.49 12
3.49 3.83 12
3.5 0.17 5
3.5 0.21 5
3.5 0.25 1
3.5 0.5 78
3.5 0.56 2
3.5 1.0 3
3.51 0.24 1
3.51 2.0 1
3.52 1.78 1
3.53 1.48 1
3.54 0.21 1
3.54 0.43 1
3.54 0.5 2
3.55 0.22 1
3.59 0.86 1
3.6 0.13 1
3.6 0.4 1
3.6 1.0 1
3.61 2.93 1
3.65 2.92 1
3.67 0.53 1
3.68 0.17 3
3.68 0.21 7
3.68 0.42 3
3.68 0.47 1
3.68 0.5 3
3.68 0.72 1
3.68 0.83 4
3.68 1.0 2
3.68 1.49 1
3.68 1.5 2
3.68 1.68 12
3.68 2.0 3
3.68 2.42 1
3.68 3.68 22
3.68 5.68 2
3.68 7.68 1
3.71 1.67 1
3.72 0.53 1
3.73 0.85 1
3.73 3.4 1
3.73 3.41 1
3.75 0.13 7
3.75 0.17 26
3.75 0.25 58
3.75 0.33 3
3.75 0.49 9
3.75 0.5 43
3.75 0.63 11
3.75 0.75 2
3.75 0.83 211
3.75 1.0 174
3.75 1.49 1
3.75 1.5 12
3.75 1.75 146
3.75 12.0 1
3.75 13.0 1
3.75 2.0 24
3.75 2.17 1
3.75 2.75 22
3.75 2.83 9
3.75 20.0 2
3.75 3.0 12
3.75 3.5 1
3.75 3.75 274
3.75 4.0 19
3.75 4.83 4
3.75 5.0 2
3.75 5.75 4
3.75 6.0 1
3.75 6.75 1
3.75 7.75 7
3.75 8.0 1
3.75 8.75 2
3.75 8.83 2
3.77 1.17 1
3.81 1.82 1
3.83 0.08 1
3.83 0.17 5
3.83 0.33 3
3.83 0.42 2
3.83 0.5 10
3.83 0.83 4
3.83 1.0 13
3.83 1.5 13
3.83 1.68 1
3.83 1.75 5
3.83 2.0 2
3.83 3.0 2
3.83 3.35 1
3.83 3.83 6
3.83 4.0 3
3.87 1.0 2
3.88 1.0 3
3.88 1.5 2
3.92 0.25 2
3.94 0.24 1
3.94 1.5 4
3.94 2.94 2
3.94 3.94 1
3.97 0.98 1
3.98 0.23 1
3.98 0.48 1
3.98 0.5 2
3.99 0.12 3
3.99 0.13 1
3.99 0.21 1
3.99 0.24 3
3.99 0.25 8
3.99 0.33 1
3.99 0.38 3
3.99 0.49 5
3.99 0.5 11
3.99 0.74 1
3.99 0.99 18
3.99 1.0 29
3.99 1.38 2
3.99 1.5 1
3.99 1.99 14
3.99 2.0 14
3.99 3.99 12
3.99 4.0 21
3.99 5.99 1
3.99 7.99 1
3.99 8.0 2
32.83 3.75 2
4.0 0.1 1
4.0 0.12 5
4.0 0.17 5
4.0 0.21 5
4.0 0.23 1
4.0 0.25 10
4.0 0.33 1
4.0 0.42 6
4.0 0.48 6
4.0 0.49 23
4.0 0.5 62
4.0 0.63 15
4.0 0.67 2
4.0 0.75 6
4.0 0.83 309
4.0 0.94 1
4.0 0.98 7
4.0 0.99 79
4.0 1.0 236
4.0 1.16 1
4.0 1.48 1
4.0 1.49 1
4.0 1.5 9
4.0 1.68 3
4.0 1.75 27
4.0 1.83 1
4.0 1.99 19
4.0 13.0 1
4.0 2.0 141
4.0 2.21 1
4.0 2.25 2
4.0 2.5 1
4.0 2.83 3
4.0 2.99 1
4.0 20.99 2
4.0 3.0 25
4.0 3.35 18
4.0 3.68 3
4.0 3.75 49
4.0 3.83 7
4.0 3.98 4
4.0 3.99 28
4.0 4.0 393
4.0 4.08 1
4.0 5.99 4
4.0 6.0 4
4.0 7.0 1
4.0 7.35 2
4.0 7.99 3
4.0 8.0 4
4.0 8.08 1
4.0 8.5 1
4.0 8.99 3
4.01 1.99 1
4.03 1.0 1
4.04 0.63 1
4.04 2.0 1
4.08 0.5 2
4.08 1.0 4
4.08 4.0 1
4.14 4.0 1
4.15 4.0 2
4.17 0.5 1
4.17 1.0 4
4.19 1.01 1
4.24 0.25 1
4.24 0.74 1
4.25 0.25 5
4.25 3.25 1
4.25 3.75 1
4.25 3.88 2
4.25 4.25 4
4.31 0.71 1
4.32 0.89 1
4.33 0.33 2
4.35 0.83 1
4.38 0.85 1
4.42 0.21 2
4.49 0.17 20
4.49 0.49 6
4.49 3.75 3
4.5 0.17 1
4.5 0.21 4
4.5 0.49 2
4.5 0.5 42
4.5 1.0 6
4.5 1.5 3
4.5 1.99 1
4.5 2.0 3
4.5 4.0 1
4.67 0.17 1
4.75 0.49 3
4.75 0.5 2
4.75 1.0 11
4.75 1.5 2
4.75 1.58 1
4.83 0.17 1
4.83 0.25 14
4.83 0.49 2
4.83 0.5 12
4.83 0.75 2
4.83 0.83 17
4.83 1.0 20
4.83 1.75 3
4.83 1.83 1
4.83 15.75 1
4.83 19.75 2
4.83 2.0 9
4.83 2.75 6
4.83 3.75 9
4.83 4.0 9
4.83 4.83 29
4.83 5.5 1
4.83 6.5 1
4.83 6.99 1
4.83 8.0 2
4.83 8.83 1
4.95 0.21 1
4.96 0.48 1
4.97 0.46 1
4.98 0.48 3
4.98 0.98 1
4.98 2.0 1
4.99 0.17 4
4.99 0.5 2
4.99 0.99 2
4.99 1.0 6
4.99 2.0 1
4.99 6.0 1
5.0 0.25 7
5.0 0.49 1
5.0 0.5 20
5.0 0.75 11
5.0 0.83 2
5.0 1.0 74
5.0 1.5 1
5.0 1.75 2
5.0 2.0 2
5.0 3.0 1
5.0 4.0 2
5.0 9.0 1
5.03 0.83 1
5.03 1.68 2
5.03 3.35 1
5.25 0.25 1
5.49 0.21 1
5.49 0.25 1
5.49 0.99 1
5.5 0.5 2
5.68 0.13 2
5.68 0.5 2
5.68 1.0 1
5.68 1.68 5
5.68 3.68 3
5.71 1.5 1
5.75 0.0 2
5.75 0.25 1
5.75 0.49 2
5.75 0.5 5
5.75 0.63 3
5.75 0.83 14
5.75 1.0 33
5.75 1.5 1
5.75 1.75 42
5.75 2.0 4
5.75 2.49 1
5.75 3.18 1
5.75 5.0 1
5.75 5.75 6
5.78 3.02 1
5.83 0.17 1
5.83 0.83 1
5.83 0.96 1
5.83 1.68 4
5.83 3.35 1
5.83 5.03 1
5.99 0.25 1
5.99 0.99 4
5.99 1.0 5
5.99 2.0 1
5.99 3.99 1
5.99 4.0 2
5.99 5.99 1
5.99 6.0 2
6.0 0.12 2
6.0 0.17 1
6.0 0.25 5
6.0 0.27 1
6.0 0.33 1
6.0 0.49 9
6.0 0.5 3
6.0 0.75 1
6.0 0.83 6
6.0 0.92 1
6.0 1.0 12
6.0 1.5 8
6.0 1.68 17
6.0 1.75 5
6.0 1.83 4
6.0 1.99 3
6.0 2.0 16
6.0 2.25 1
6.0 2.5 1
6.0 2.51 1
6.0 3.0 9
6.0 3.35 3
6.0 3.44 1
6.0 4.0 1
6.0 5.0 3
6.0 6.0 11
6.0 6.5 1
6.0 7.0 2
6.0 8.0 1
6.0 9.0 1
6.24 0.47 1
6.24 0.72 1
6.25 0.64 1
6.49 0.17 12
6.49 0.49 2
6.49 0.5 1
6.49 2.0 1
6.49 6.49 1
6.5 0.21 2
6.5 0.5 4
6.5 3.0 1
6.5 5.0 1
6.53 0.5 1
6.75 0.25 1
6.75 1.0 11
6.83 0.25 1
6.83 0.49 1
6.83 0.5 7
6.83 0.75 2
6.83 0.83 1
6.83 1.0 3
6.83 1.75 3
6.83 2.0 2
6.83 2.49 1
6.83 2.75 2
6.83 4.0 2
6.83 6.83 1
6.83 8.83 1
6.99 2.25 2
6.99 7.0 1
7.0 0.46 1
7.0 0.5 7
7.0 0.58 3
7.0 0.63 1
7.0 1.0 27
7.0 1.08 2
7.0 4.0 1
7.23 0.32 1
7.26 0.53 1
7.28 1.41 1
7.33 0.5 1
7.35 0.42 1
7.35 0.83 9
7.35 1.49 1
7.35 1.5 4
7.35 1.68 2
7.35 11.35 2
7.35 3.35 2
7.35 3.37 1
7.35 4.0 2
7.35 4.5 1
7.35 7.35 4
7.5 0.25 1
7.5 0.5 2
7.68 0.21 1
7.68 0.83 1
7.73 0.25 1
7.73 2.08 1
7.73 3.44 1
7.75 0.17 2
7.75 0.25 7
7.75 0.49 1
7.75 0.5 2
7.75 0.83 29
7.75 1.0 18
7.75 1.75 21
7.75 2.0 3
7.75 2.49 1
7.75 2.83 6
7.75 3.0 1
7.75 3.75 16
7.75 4.83 8
7.75 6.0 2
7.75 7.75 17
7.76 0.96 1
7.99 0.25 1
7.99 0.99 1
7.99 1.0 1
7.99 1.99 2
7.99 4.0 1
8.0 0.12 1
8.0 0.21 1
8.0 0.24 1
8.0 0.25 1
8.0 0.49 1
8.0 0.5 2
8.0 0.83 6
8.0 0.99 11
8.0 1.0 10
8.0 1.75 1
8.0 10.0 1
8.0 17.0 1
8.0 2.0 8
8.0 3.0 1
8.0 3.75 6
8.0 4.0 4
8.0 7.99 1
8.0 8.0 4
8.08 1.0 1
8.35 0.21 2
8.35 3.35 6
8.35 4.42 1
8.35 4.83 2
8.49 2.0 1
8.5 0.17 1
8.5 1.0 1
8.74 0.99 1
8.75 0.25 1
8.75 0.63 13
8.75 0.83 1
8.75 2.75 3
8.83 0.17 4
8.83 0.21 2
8.83 0.25 1
8.83 0.5 3
8.83 0.83 1
8.83 1.0 7
8.83 1.68 2
8.83 1.75 2
8.83 2.0 1
8.83 3.0 1
8.83 3.35 1
8.83 3.75 2
8.83 4.0 2
8.83 7.0 1
8.83 8.83 5
8.85 0.62 1
8.99 0.99 3
8.99 1.0 4
8.99 1.99 1
8.99 2.0 1
9.0 0.75 1
9.0 1.0 12
9.0 1.5 1
9.0 13.0 1
9.0 2.0 4
9.0 3.0 4
9.0 4.0 2
9.53 0.17 1
9.55 0.18 1
9.75 0.25 4
9.75 1.0 4
9.75 1.5 2
9.75 1.75 2
9.75 9.75 4
9.83 0.83 2
9.83 1.75 1
9.99 4.0 1
