425914
0 0 21800
0 1 8498
0 10 8184
0 11 754
0 2 3972
0 3 4393
0 4 814
0 5 6232
0 6 604
0 7 4059
0 8 4762
0 9 1364
1 0 8817
1 1 6671
1 10 3917
1 11 579
1 2 426
1 3 5262
1 4 459
1 5 3398
1 6 336
1 7 563
1 8 1154
1 9 158
10 0 9736
10 1 4248
10 10 17322
10 11 1810
10 2 1723
10 3 2211
10 4 316
10 5 6057
10 6 1418
10 7 3068
10 8 7054
10 9 3357
11 0 626
11 1 465
11 10 2489
11 11 1404
11 2 214
11 3 403
11 4 54
11 5 211
11 6 78
11 7 124
11 8 529
11 9 267
2 0 2700
2 1 592
2 10 1496
2 11 200
2 2 9224
2 3 3680
2 4 1562
2 5 2421
2 6 119
2 7 1251
2 8 330
2 9 2048
3 0 3730
3 1 4997
3 10 3293
3 11 438
3 2 3167
3 3 9403
3 4 1375
3 5 8137
3 6 1898
3 7 2419
3 8 1308
3 9 265
4 0 602
4 1 436
4 10 310
4 11 121
4 2 1040
4 3 1854
4 4 2821
4 5 2393
4 6 289
4 7 827
4 8 316
4 9 417
5 0 8036
5 1 3771
5 10 4430
5 11 312
5 2 2123
5 3 6906
5 4 2027
5 5 26197
5 6 4121
5 7 8064
5 8 4736
5 9 1520
6 0 400
6 1 413
6 10 1234
6 11 78
6 2 74
6 3 1703
6 4 354
6 5 5024
6 6 2874
6 7 404
6 8 1582
6 9 221
7 0 2763
7 1 673
7 10 3828
7 11 205
7 2 1908
7 3 2380
7 4 607
7 5 6207
7 6 535
7 7 11192
7 8 7100
7 9 2959
8 0 4553
8 1 801
8 10 7858
8 11 596
8 2 224
8 3 1944
8 4 321
8 5 4677
8 6 1816
8 7 6504
8 8 9154
8 9 796
9 0 1722
9 1 166
9 10 3937
9 11 371
9 2 1512
9 3 288
9 4 725
9 5 1275
9 6 275
9 7 1870
9 8 1225
9 9 6504
