0 0 0.05118404184882394
0 1 0.019952384753729627
0 10 0.019215146719760327
0 11 0.0017703104382574887
0 2 0.009325826340528838
0 3 0.010314288800086403
0 4 0.001911183947933151
0 5 0.01463206187164545
0 6 0.0014181266640683331
0 7 0.009530092929558549
0 8 0.011180660884591725
0 9 0.003202524453293388
1 0 0.020701362246838564
1 1 0.01566278638410571
1 10 0.009196692289992816
1 11 0.0013594293683701405
1 2 0.0010002019186972017
1 3 0.012354606798555576
1 4 0.001077682349018816
1 5 0.007978136431298338
1 6 7.888916541837084E-4
1 7 0.0013218630991232972
1 8 0.0027094671694285703
1 9 3.709669088125772E-4
10 0 0.022859074836704123
10 1 0.009973844485036885
10 10 0.04067018224336368
10 11 0.004249684208549143
10 2 0.004045417619519433
10 3 0.005191188831548153
10 4 7.419338176251544E-4
10 5 0.0142211808017581
10 6 0.003329310612001484
10 7 0.007203332128082195
10 8 0.016562028954202022
10 9 0.007881872866353301
11 0 0.0014697802842827425
11 1 0.0010917696999863823
11 10 0.005843902759712054
11 11 0.003296440126410496
11 2 5.024488511765286E-4
11 3 9.462004066548646E-4
11 4 1.26786158708096E-4
11 5 4.954051756927455E-4
11 6 1.831355625783609E-4
11 7 2.9113858666303524E-4
11 8 0.0012420347769737552
11 9 6.268871180566969E-4
2 0 0.0063393079354048
2 1 0.0013899519621332005
2 10 0.0035124461745798447
2 11 4.6957836558554074E-4
2 2 0.02165695422080514
2 3 0.00864024192677395
2 4 0.0036674070352230733
2 5 0.00568424611541297
2 6 2.7939912752339674E-4
2 7 0.0029372126767375573
2 8 7.748043032161422E-4
2 9 0.004808482463595937
3 0 0.008757636518170336
3 1 0.011732415464154735
3 10 0.007731607789365928
3 11 0.0010283766206323343
3 2 0.007435773419047038
3 3 0.022077226858004197
3 4 0.0032283512634005925
3 5 0.019104795803847725
3 6 0.004456298689406782
3 7 0.005679550331757115
3 8 0.0030710425109294363
3 9 6.221913344008415E-4
4 0 0.0014134308804124775
4 1 0.001023680836976479
4 10 7.278464666575881E-4
4 11 2.8409491117925215E-4
4 2 0.002441807501044812
4 3 0.004352991448977963
4 4 0.0066234028465840524
4 5 0.005618505144230995
4 6 6.785407382711064E-4
4 7 0.001941706541696211
4 8 7.419338176251544E-4
4 9 9.790708922458524E-4
5 0 0.01886765872922703
5 1 0.00885390008311537
5 10 0.010401160797719727
5 11 7.325422503134436E-4
5 2 0.004984574350690515
5 3 0.01621454096366872
5 4 0.004759176735209455
5 5 0.061507722216222055
5 6 0.009675662222890067
5 7 0.018933399700409
5 8 0.011119615697065604
5 9 0.0035687955784501095
6 0 9.391567311710815E-4
6 1 9.696793249341416E-4
6 10 0.0028972985156627863
6 11 1.831355625783609E-4
6 2 1.7374399526665007E-4
6 3 0.0039984597829608795
6 4 8.311537070864072E-4
6 5 0.011795808543508783
6 6 0.006747841113464221
6 7 9.485482984827923E-4
6 8 0.0037143648717816273
6 9 5.188840939720225E-4
7 0 0.006487225120564245
7 1 0.0015801312001953447
7 10 0.008987729917307249
7 11 4.8131782472517925E-4
7 2 0.0044797776076860585
7 3 0.005587982550467935
7 4 0.0014251703395521162
7 5 0.014573364575947257
7 6 0.0012561221279413215
7 7 0.02627760533816686
7 8 0.016670031978286697
7 9 0.006947411918838076
8 0 0.010689951492554835
8 1 0.0018806613541700907
8 10 0.018449733983855895
8 11 0.0013993435294449115
8 2 5.259277694558056E-4
8 3 0.004564301713491456
8 4 7.536732767647929E-4
8 5 0.01098109007921787
8 6 0.00426377155951671
8 7 0.015270688448841784
8 8 0.0214926017928502
8 9 0.0018689218950304523
9 0 0.004043069727691506
9 1 3.897500434359988E-4
9 10 0.00924365012655137
9 11 8.71067868161178E-4
9 2 0.003550012443826688
9 3 6.761928464431786E-4
9 4 0.001702221575247585
9 5 0.002993562080607822
9 6 6.456702526801186E-4
9 7 0.004390557718224806
9 8 0.002876167489211437
9 9 0.015270688448841784
