Bach
Pitches
-24 0.019860973187686197
-23 0.007447864945382324
-21 0.009930486593843098
-20 0.009930486593843098
-19 0.004965243296921549
-18 0.022343594836146972
-17 0.04716981132075472
-16 0.07944389275074479
-15 0.07199602780536246
-14 0.09185700099304867
-13 0.03227408142999007
-12 2.0208540218470703
-11 0.25074478649453824
-10 0.6231380337636544
-9 0.8763654419066534
-8 0.9011916583912611
-7 2.0531281032770603
-6 0.7671300893743793
-5 2.5049652432969216
-4 3.582423038728898
-3 4.910625620655412
-2 17.922045680238334
-1 11.112214498510427
0 9.021847070506455
1 9.942899702085402
2 15.099304865938432
3 3.8182720953326714
4 2.951837140019861
5 4.270109235352533
6 0.6529294935451837
7 1.1767626613704072
8 0.7497517378351539
9 1.0625620655412116
10 0.6703078450844091
11 0.10178748758689175
12 1.861966236345581
13 0.04716981132075472
14 0.06454816285998013
15 0.1166832174776564
16 0.22095332671300894
17 0.10178748758689175
18 0.014895729890764648
19 0.04220456802383317
20 0.022343594836146972
21 0.022343594836146972
22 0.022343594836146972
23 0.007447864945382324
24 0.014895729890764648
Rhythm
0.03 0.04806151874399231
0.05 0.010012816404998398
0.06 0.2182793976289651
0.07 0.1762255687279718
0.08 0.18423582185197052
0.11 0.004005126561999359
0.12 0.042053828900993274
0.13 1.6741429029157322
0.14 0.008010253123998718
0.17 0.03604613905799423
0.18 0.0020025632809996794
0.2 0.15019224607497597
0.23 0.03604613905799423
0.24 0.056071771867991026
0.25 41.09860621595642
0.26 0.052066645305991664
0.27 0.3304229413649471
0.28 0.0020025632809996794
0.29 0.0020025632809996794
0.3 0.10613585389298301
0.31 0.0020025632809996794
0.33 2.06063761614867
0.35 0.008010253123998718
0.36 0.006007689842999039
0.4 1.0413329061198333
0.42 0.054069208586991345
0.43 0.004005126561999359
0.47 0.0020025632809996794
0.48 0.5507049022749119
0.49 0.2963793655879526
0.5 33.853332265299585
0.51 0.1361743031079782
0.52 0.2703460429349568
0.53 0.006007689842999039
0.54 0.006007689842999039
0.55 0.014017942966997756
0.56 0.010012816404998398
0.58 0.0020025632809996794
0.6 0.46459468119192565
0.63 0.006007689842999039
0.67 1.9204581864786927
0.7 0.016020506247997435
0.71 0.004005126561999359
0.73 0.006007689842999039
0.75 0.8210509452098687
0.77 0.016020506247997435
0.8 0.052066645305991664
0.82 0.0020025632809996794
0.83 0.4105254726049343
0.85 0.010012816404998398
0.87 0.0020025632809996794
0.9 0.024030759371996155
0.92 0.014017942966997756
0.94 0.020025632809996797
0.98 0.46859980775392507
0.99 0.1582024991989747
1.0 5.659243832105094
1.01 0.06608458827298942
1.02 0.07209227811598846
1.03 0.004005126561999359
1.05 0.010012816404998398
1.07 0.0020025632809996794
1.08 0.08410765780198655
1.1 0.24831784684396027
1.14 0.0020025632809996794
1.17 0.06608458827298942
1.2 0.014017942966997756
1.21 0.0020025632809996794
1.25 0.24231015700096123
1.26 0.004005126561999359
1.27 0.010012816404998398
1.3 0.006007689842999039
1.32 0.0020025632809996794
1.33 0.09812560076898429
1.4 0.018023069528997116
1.42 0.016020506247997435
1.48 0.022028196090996474
1.5 0.9191765459788529
1.51 0.020025632809996797
1.52 0.050064082024991984
1.55 0.006007689842999039
1.6 0.2523229734059596
1.67 0.014017942966997756
1.75 0.022028196090996474
1.77 0.004005126561999359
1.8 0.008010253123998718
1.83 0.024030759371996155
1.85 0.0020025632809996794
1.92 0.0020025632809996794
1.95 0.0020025632809996794
1.96 0.006007689842999039
1.98 0.11414610701698173
1.99 0.030038449214995194
2.0 1.3597404677987823
2.01 0.09211791092598526
2.02 0.14218199295097725
2.03 0.0020025632809996794
2.06 0.0020025632809996794
2.08 0.0020025632809996794
2.1 0.008010253123998718
2.17 0.2923742390259532
2.2 0.004005126561999359
2.25 0.016020506247997435
2.27 0.012015379685998077
2.28 0.0020025632809996794
2.33 0.11014098045498237
2.4 0.012015379685998077
2.42 0.0020025632809996794
2.48 0.0020025632809996794
2.5 0.21427427106696573
2.51 0.008010253123998718
2.52 0.020025632809996797
2.56 0.006007689842999039
2.58 0.006007689842999039
2.6 0.004005126561999359
2.67 0.030038449214995194
2.75 0.008010253123998718
2.77 0.0020025632809996794
2.8 0.006007689842999039
2.83 0.052066645305991664
2.9 0.0020025632809996794
2.92 0.0020025632809996794
2.98 0.010012816404998398
3.0 0.31239987183595
3.01 0.03404357577699455
3.02 0.008010253123998718
3.1 0.008010253123998718
3.17 0.012015379685998077
3.2 0.022028196090996474
3.25 0.004005126561999359
3.27 0.0020025632809996794
3.33 0.010012816404998398
3.42 0.0020025632809996794
3.5 0.028035885933995513
3.51 0.006007689842999039
3.52 0.014017942966997756
3.6 0.042053828900993274
3.67 0.004005126561999359
3.7 0.0020025632809996794
3.77 0.0020025632809996794
3.83 0.016020506247997435
3.9 0.0020025632809996794
3.92 0.0020025632809996794
3.98 0.052066645305991664
4.0 0.1361743031079782
4.02 0.03404357577699455
4.08 0.0020025632809996794
4.17 0.008010253123998718
4.25 0.0020025632809996794
4.27 0.0020025632809996794
4.33 0.004005126561999359
4.4 0.004005126561999359
4.42 0.0020025632809996794
4.5 0.03404357577699455
4.51 0.008010253123998718
4.52 0.016020506247997435
4.53 0.0020025632809996794
4.6 0.004005126561999359
4.67 0.008010253123998718
4.75 0.0020025632809996794
4.83 0.014017942966997756
4.92 0.0020025632809996794
4.99 0.0020025632809996794
5.0 0.09412047420698494
5.01 0.004005126561999359
5.02 0.004005126561999359
5.1 0.008010253123998718
5.17 0.0020025632809996794
5.2 0.006007689842999039
5.25 0.006007689842999039
5.26 0.004005126561999359
5.27 0.0020025632809996794
5.3 0.0020025632809996794
5.33 0.06207946171099007
5.4 0.004005126561999359
5.5 0.03204101249599487
5.51 0.024030759371996155
5.52 0.006007689842999039
5.55 0.004005126561999359
5.67 0.020025632809996797
5.75 0.0020025632809996794
5.8 0.0020025632809996794
5.83 0.03404357577699455
5.98 0.0020025632809996794
6.0 0.022028196090996474
6.02 0.018023069528997116
6.03 0.004005126561999359
6.1 0.0020025632809996794
6.17 0.006007689842999039
6.25 0.012015379685998077
6.33 0.014017942966997756
6.42 0.0020025632809996794
6.48 0.004005126561999359
6.5 0.028035885933995513
6.52 0.0020025632809996794
6.67 0.006007689842999039
6.75 0.0020025632809996794
6.77 0.0020025632809996794
6.83 0.004005126561999359
6.98 0.004005126561999359
7.0 0.03804870233899391
7.02 0.022028196090996474
7.08 0.0020025632809996794
7.1 0.004005126561999359
7.17 0.0020025632809996794
7.25 0.014017942966997756
7.33 0.006007689842999039
7.48 0.008010253123998718
7.5 0.04605895546299263
7.51 0.004005126561999359
7.52 0.020025632809996797
7.6 0.006007689842999039
7.75 0.004005126561999359
7.8 0.0020025632809996794
7.83 0.008010253123998718
8.0 0.018023069528997116
8.02 0.018023069528997116
8.1 0.0020025632809996794
8.17 0.004005126561999359
8.25 0.006007689842999039
8.33 0.012015379685998077
8.5 0.008010253123998718
8.52 0.008010253123998718
8.6 0.004005126561999359
8.67 0.020025632809996797
8.75 0.006007689842999039
8.83 0.06608458827298942
9.0 0.006007689842999039
9.01 0.004005126561999359
9.02 0.004005126561999359
9.1 0.0020025632809996794
9.5 0.008010253123998718
9.52 0.004005126561999359
9.6 0.0020025632809996794
9.75 0.0020025632809996794
9.83 0.004005126561999359
10.0 0.008010253123998718
10.1 0.0020025632809996794
10.17 0.006007689842999039
10.2 0.0020025632809996794
10.3 0.004005126561999359
10.51 0.0020025632809996794
10.6 0.0020025632809996794
10.83 0.004005126561999359
11.0 0.014017942966997756
11.02 0.0020025632809996794
11.17 0.004005126561999359
11.23 0.0020025632809996794
11.25 0.0020025632809996794
11.33 0.004005126561999359
11.5 0.012015379685998077
11.51 0.0020025632809996794
11.6 0.004005126561999359
11.67 0.006007689842999039
11.75 0.004005126561999359
12.0 0.020025632809996797
12.01 0.016020506247997435
12.02 0.016020506247997435
12.17 0.0020025632809996794
12.67 0.018023069528997116
13.0 0.006007689842999039
13.25 0.0020025632809996794
13.5 0.008010253123998718
13.51 0.004005126561999359
13.52 0.006007689842999039
13.83 0.0020025632809996794
14.0 0.008010253123998718
14.02 0.006007689842999039
14.17 0.004005126561999359
14.2 0.0020025632809996794
14.25 0.006007689842999039
14.33 0.004005126561999359
14.6 0.0020025632809996794
14.67 0.0020025632809996794
14.75 0.0020025632809996794
15.0 0.012015379685998077
15.01 0.0020025632809996794
15.8 0.0020025632809996794
16.0 0.008010253123998718
16.08 0.004005126561999359
16.1 0.0020025632809996794
16.17 0.004005126561999359
16.4 0.0020025632809996794
16.8 0.0020025632809996794
17.0 0.018023069528997116
17.17 0.006007689842999039
17.25 0.004005126561999359
17.5 0.008010253123998718
18.02 0.0020025632809996794
18.75 0.012015379685998077
19.42 0.0020025632809996794
19.5 0.004005126561999359
19.51 0.0020025632809996794
19.67 0.008010253123998718
19.75 0.0020025632809996794
20.02 0.014017942966997756
20.25 0.004005126561999359
20.33 0.0020025632809996794
20.51 0.0020025632809996794
21.0 0.010012816404998398
21.01 0.008010253123998718
21.2 0.0020025632809996794
21.25 0.008010253123998718
21.5 0.0020025632809996794
22.0 0.006007689842999039
23.0 0.006007689842999039
23.17 0.006007689842999039
23.25 0.0020025632809996794
23.33 0.0020025632809996794
23.5 0.004005126561999359
23.6 0.0020025632809996794
23.98 0.0020025632809996794
24.1 0.0020025632809996794
25.5 0.0020025632809996794
26.0 0.0020025632809996794
26.08 0.0020025632809996794
26.5 0.0020025632809996794
27.25 0.010012816404998398
27.5 0.0020025632809996794
27.52 0.006007689842999039
28.52 0.0020025632809996794
29.02 0.0020025632809996794
29.5 0.006007689842999039
29.52 0.0020025632809996794
30.5 0.0020025632809996794
31.0 0.004005126561999359
33.25 0.0020025632809996794
33.5 0.004005126561999359
34.05 0.0020025632809996794
34.5 0.004005126561999359
35.0 0.008010253123998718
35.2 0.0020025632809996794
36.02 0.0020025632809996794
36.5 0.0020025632809996794
39.2 0.0020025632809996794
39.5 0.0020025632809996794
40.0 0.004005126561999359
42.2 0.0020025632809996794
42.5 0.0020025632809996794
42.75 0.0020025632809996794
44.1 0.0020025632809996794
44.52 0.0020025632809996794
45.0 0.006007689842999039
45.02 0.0020025632809996794
46.02 0.008010253123998718
46.52 0.0020025632809996794
46.75 0.0020025632809996794
47.25 0.004005126561999359
47.5 0.0020025632809996794
48.5 0.0020025632809996794
48.75 0.0020025632809996794
48.77 0.0020025632809996794
52.02 0.0020025632809996794
52.5 0.0020025632809996794
53.4 0.0020025632809996794
53.5 0.0020025632809996794
55.0 0.008010253123998718
57.0 0.004005126561999359
57.6 0.0020025632809996794
59.6 0.0020025632809996794
61.0 0.0020025632809996794
68.02 0.0020025632809996794
68.33 0.0020025632809996794
70.0 0.0020025632809996794
72.1 0.0020025632809996794
73.6 0.0020025632809996794
75.25 0.0020025632809996794
77.0 0.0020025632809996794
81.1 0.0020025632809996794
82.1 0.0020025632809996794
84.02 0.0020025632809996794
89.0 0.0020025632809996794
90.6 0.0020025632809996794
95.0 0.004005126561999359
95.58 0.004005126561999359
96.0 0.0020025632809996794
98.0 0.0020025632809996794
98.5 0.004005126561999359
100.5 0.0020025632809996794
103.0 0.0020025632809996794
114.5 0.004005126561999359
115.0 0.0020025632809996794
118.0 0.0020025632809996794
119.0 0.0020025632809996794
125.0 0.0020025632809996794
125.6 0.0020025632809996794
129.5 0.006007689842999039
137.0 0.0020025632809996794
144.0 0.006007689842999039
144.01 0.0020025632809996794
144.02 0.004005126561999359
145.33 0.0020025632809996794
147.39 0.0020025632809996794
153.0 0.0020025632809996794
154.02 0.0020025632809996794
156.02 0.0020025632809996794
156.8 0.0020025632809996794
165.01 0.004005126561999359
176.83 0.0020025632809996794
190.5 0.006007689842999039
209.83 0.0020025632809996794
211.02 0.004005126561999359
220.02 0.0020025632809996794
239.02 0.0020025632809996794
239.52 0.0020025632809996794
241.33 0.004005126561999359
244.83 0.0020025632809996794
262.0 0.0020025632809996794
268.77 0.0020025632809996794
285.83 0.004005126561999359
286.33 0.0020025632809996794
332.8 0.0020025632809996794
335.0 0.0020025632809996794
347.33 0.0020025632809996794
360.51 0.004005126561999359
362.5 0.0020025632809996794
375.0 0.0020025632809996794
383.52 0.0020025632809996794
385.1 0.0020025632809996794
389.52 0.0020025632809996794
463.5 0.0020025632809996794
498.02 0.0020025632809996794
508.33 0.0020025632809996794
556.58 0.0020025632809996794
614.17 0.0020025632809996794
636.52 0.0020025632809996794
714.02 0.006007689842999039
718.02 0.0020025632809996794
757.33 0.008010253123998718
770.0 0.0020025632809996794
770.02 0.006007689842999039
865.02 0.0020025632809996794
Chopin
Pitches
-24 0.06501158018772095
-23 0.056885132664255815
-22 0.056885132664255815
-21 0.056885132664255815
-20 0.02437934257039535
-19 0.1950347405631628
-18 0.02437934257039535
-17 0.34131079598553493
-16 0.20316118808662792
-15 0.2356669781804884
-14 0.37787980984112796
-13 0.312868229653407
-12 1.9503474056316281
-11 0.40225915241152327
-10 1.5602779245053024
-9 2.6451586688878956
-8 2.4623135996099306
-7 4.908374304172931
-6 2.1250660273861284
-5 5.168420624923815
-4 3.567510462801186
-3 3.376538945999756
-2 8.748120759010199
-1 6.602738612815408
0 13.84746657998456
1 5.6275649099995935
2 5.5056681971476165
3 4.3639023201007685
4 3.4740563162813376
5 5.595059119905733
6 1.8975254967291049
7 4.010401852830035
8 1.820324245256186
9 2.1128763561009305
10 0.9264150176750233
11 0.49571329893137217
12 2.1291292511478606
13 0.20316118808662792
14 0.19097151680143026
15 0.5038397464548373
16 0.690748039494535
17 0.4225752712201861
18 0.044695461379058145
19 0.28036243955954654
20 0.10158059404331396
21 0.0772012514729186
22 0.10158059404331396
23 0.02437934257039535
24 0.08532769899638373
Rhythm
0.04 0.04818261209985846
0.05 0.12647935676212846
0.06 0.1234679435058873
0.08 0.3613695907489385
0.09 0.006022826512482308
0.1 0.3222212184178035
0.13 4.788147077423434
0.14 0.03613695907489385
0.15 0.006022826512482308
0.16 0.006022826512482308
0.17 15.261842382630169
0.19 1.5358207606829886
0.2 0.42762068238624384
0.21 0.08733098443099346
0.22 0.012045653024964615
0.23 0.003011413256241154
0.25 33.95368446411901
0.26 0.06022826512482308
0.27 0.6143283042731954
0.28 0.01505706628120577
0.29 0.3372782846990093
0.3 0.10238805071219924
0.31 0.05721685186858193
0.32 0.003011413256241154
0.33 4.739964465323576
0.34 0.018068479537446926
0.35 0.8100701659288704
0.37 0.04215978558737616
0.38 1.445478362995754
0.42 0.009034239768723463
0.44 0.2288674074743277
0.45 0.05420543861234077
0.46 0.3312554581865269
0.47 0.06323967838106423
0.48 0.003011413256241154
0.49 0.01505706628120577
0.5 16.755503357725782
0.51 0.006022826512482308
0.52 0.003011413256241154
0.56 0.12949077001836962
0.58 0.003011413256241154
0.6 0.13852500978709306
0.62 0.012045653024964615
0.63 0.24091306049929231
0.64 0.003011413256241154
0.67 0.1897190351431927
0.69 0.027102719306170385
0.7 0.012045653024964615
0.71 0.012045653024964615
0.75 3.475170897702292
0.77 0.04215978558737616
0.81 0.3613695907489385
0.83 0.1897190351431927
0.88 0.1505706628120577
0.9 0.006022826512482308
0.91 0.003011413256241154
0.94 0.012045653024964615
0.96 0.003011413256241154
0.98 0.03613695907489385
1.0 6.908182009817207
1.02 0.006022826512482308
1.03 0.03011413256241154
1.04 0.02107989279368808
1.06 0.04517119884361731
1.09 0.003011413256241154
1.13 0.05119402535609962
1.17 0.006022826512482308
1.19 0.006022826512482308
1.25 0.11443370373716386
1.33 0.009034239768723463
1.38 0.04818261209985846
1.46 0.012045653024964615
1.49 0.006022826512482308
1.5 0.5510886258921311
1.51 0.003011413256241154
1.56 0.003011413256241154
1.6 0.003011413256241154
1.62 0.003011413256241154
1.63 0.018068479537446926
1.67 0.20778751468063963
1.7 0.003011413256241154
1.75 0.15358207606829885
1.81 0.009034239768723463
1.83 0.003011413256241154
1.88 0.006022826512482308
1.94 0.003011413256241154
1.96 0.07829674466227
1.98 0.027102719306170385
1.99 0.003011413256241154
2.0 1.2979191134399373
2.04 0.02107989279368808
2.06 0.003011413256241154
2.13 0.009034239768723463
2.17 0.003011413256241154
2.25 0.02409130604992923
2.29 0.006022826512482308
2.3 0.003011413256241154
2.31 0.003011413256241154
2.33 0.003011413256241154
2.38 0.033125545818652694
2.46 0.003011413256241154
2.5 0.0722739181497877
2.63 0.003011413256241154
2.65 0.02107989279368808
2.67 0.018068479537446926
2.75 0.05420543861234077
2.88 0.009034239768723463
2.94 0.006022826512482308
2.96 0.003011413256241154
2.98 0.006022826512482308
2.99 0.006022826512482308
3.0 0.6143283042731954
3.01 0.003011413256241154
3.02 0.006022826512482308
3.04 0.003011413256241154
3.25 0.02107989279368808
3.29 0.006022826512482308
3.3 0.003011413256241154
3.38 0.003011413256241154
3.5 0.06323967838106423
3.52 0.003011413256241154
3.63 0.012045653024964615
3.67 0.006022826512482308
3.69 0.003011413256241154
3.75 0.06926250489354653
3.81 0.009034239768723463
3.88 0.009034239768723463
3.94 0.006022826512482308
3.98 0.003011413256241154
3.99 0.009034239768723463
4.0 0.34330111121149154
4.05 0.003011413256241154
4.06 0.009034239768723463
4.25 0.009034239768723463
4.37 0.006022826512482308
4.38 0.003011413256241154
4.5 0.02107989279368808
4.55 0.003011413256241154
4.69 0.003011413256241154
4.75 0.006022826512482308
4.87 0.003011413256241154
4.88 0.003011413256241154
4.96 0.003011413256241154
5.0 0.06022826512482308
5.05 0.003011413256241154
5.24 0.003011413256241154
5.25 0.01505706628120577
5.37 0.006022826512482308
5.38 0.003011413256241154
5.46 0.003011413256241154
5.5 0.027102719306170385
5.67 0.009034239768723463
5.75 0.003011413256241154
5.8 0.003011413256241154
5.88 0.012045653024964615
6.0 0.01505706628120577
6.5 0.018068479537446926
6.75 0.009034239768723463
6.83 0.018068479537446926
6.94 0.003011413256241154
7.0 0.02409130604992923
7.04 0.003011413256241154
7.15 0.003011413256241154
7.25 0.012045653024964615
7.38 0.003011413256241154
7.5 0.009034239768723463
7.75 0.009034239768723463
7.83 0.003011413256241154
8.0 0.04215978558737616
8.04 0.009034239768723463
8.08 0.003011413256241154
8.13 0.003011413256241154
8.25 0.012045653024964615
8.29 0.006022826512482308
8.38 0.006022826512482308
8.5 0.009034239768723463
8.69 0.009034239768723463
8.75 0.006022826512482308
8.87 0.003011413256241154
8.88 0.006022826512482308
9.0 0.018068479537446926
9.04 0.003011413256241154
9.25 0.01505706628120577
9.46 0.003011413256241154
9.5 0.003011413256241154
9.88 0.006022826512482308
10.0 0.02107989279368808
10.02 0.003011413256241154
10.16 0.003011413256241154
10.5 0.02107989279368808
10.94 0.003011413256241154
11.0 0.009034239768723463
11.25 0.006022826512482308
11.5 0.02107989279368808
11.75 0.006022826512482308
12.0 0.018068479537446926
12.5 0.006022826512482308
12.75 0.003011413256241154
13.0 0.003011413256241154
13.25 0.006022826512482308
13.5 0.006022826512482308
14.0 0.003011413256241154
14.13 0.006022826512482308
14.46 0.003011413256241154
14.5 0.003011413256241154
14.88 0.003011413256241154
15.25 0.003011413256241154
15.75 0.006022826512482308
15.87 0.003011413256241154
15.92 0.003011413256241154
16.0 0.003011413256241154
17.0 0.02107989279368808
17.17 0.003011413256241154
17.88 0.006022826512482308
18.0 0.009034239768723463
18.46 0.003011413256241154
18.5 0.003011413256241154
18.75 0.003011413256241154
18.87 0.003011413256241154
18.98 0.003011413256241154
19.5 0.003011413256241154
19.75 0.009034239768723463
20.04 0.003011413256241154
21.0 0.006022826512482308
21.65 0.003011413256241154
21.75 0.003011413256241154
21.83 0.003011413256241154
21.88 0.003011413256241154
22.0 0.003011413256241154
22.5 0.003011413256241154
23.0 0.006022826512482308
24.0 0.006022826512482308
24.5 0.006022826512482308
25.5 0.003011413256241154
26.0 0.003011413256241154
26.5 0.003011413256241154
27.0 0.009034239768723463
28.0 0.003011413256241154
28.5 0.003011413256241154
29.0 0.003011413256241154
29.5 0.003011413256241154
30.5 0.003011413256241154
30.87 0.003011413256241154
31.0 0.003011413256241154
31.37 0.003011413256241154
31.5 0.003011413256241154
31.92 0.003011413256241154
32.0 0.003011413256241154
33.0 0.003011413256241154
33.5 0.003011413256241154
35.0 0.003011413256241154
36.0 0.003011413256241154
37.5 0.003011413256241154
38.75 0.003011413256241154
38.94 0.003011413256241154
39.0 0.003011413256241154
40.0 0.006022826512482308
41.75 0.003011413256241154
42.5 0.003011413256241154
43.0 0.003011413256241154
46.75 0.003011413256241154
49.0 0.006022826512482308
50.0 0.003011413256241154
51.38 0.003011413256241154
51.5 0.003011413256241154
54.0 0.003011413256241154
54.97 0.003011413256241154
55.88 0.003011413256241154
57.0 0.003011413256241154
57.25 0.003011413256241154
58.75 0.003011413256241154
59.67 0.003011413256241154
64.5 0.003011413256241154
67.0 0.003011413256241154
71.0 0.003011413256241154
78.01 0.003011413256241154
78.75 0.003011413256241154
81.97 0.003011413256241154
83.75 0.003011413256241154
84.98 0.003011413256241154
86.38 0.003011413256241154
89.5 0.003011413256241154
95.67 0.003011413256241154
95.74 0.003011413256241154
96.0 0.003011413256241154
97.37 0.003011413256241154
105.5 0.003011413256241154
137.0 0.003011413256241154
144.0 0.006022826512482308
149.75 0.003011413256241154
235.0 0.003011413256241154
270.88 0.003011413256241154
