Pitches
10 5 0.26041666666666663
5 10 0.26041666666666663
5 5 12.239583333333332
Rhythm
0.08 0.08 0.1152073732718894
0.08 0.5 0.0576036866359447
0.08 0.75 0.1152073732718894
0.13 0.14 0.0576036866359447
0.14 0.14 0.5760368663594471
0.14 0.15 0.1152073732718894
0.15 0.75 0.1152073732718894
0.25 1.0 0.1152073732718894
0.25 2.0 0.3456221198156682
0.5 0.5 15.034562211981568
0.5 0.88 0.2304147465437788
0.5 1.0 0.4608294930875576
0.5 2.0 0.1728110599078341
0.5 2.5 0.0576036866359447
0.75 0.25 0.4608294930875576
0.88 0.08 0.1728110599078341
0.88 0.13 0.0576036866359447
1.0 0.14 0.0576036866359447
1.0 0.5 0.3456221198156682
1.0 0.75 0.1728110599078341
1.0 1.0 0.9216589861751152
1.0 2.0 0.2304147465437788
1.0 3.0 0.4032258064516129
1.0 4.0 0.1152073732718894
2.0 0.5 0.4032258064516129
2.0 1.0 0.4608294930875576
2.0 2.0 0.5760368663594471
2.5 0.5 0.0576036866359447
3.0 0.5 0.1152073732718894
3.0 1.0 0.28801843317972353
4.0 2.0 0.1152073732718894
