25311
-24 4
-23 1
-17 1
-16 4
-15 10
-14 10
-13 7
-12 697
-11 44
-10 82
-9 168
-8 148
-7 460
-6 86
-5 597
-4 835
-3 999
-2 4857
-1 2817
0 3078
1 2331
2 3991
3 784
4 675
5 1225
6 51
7 245
8 129
9 183
10 72
11 2
12 637
13 13
14 5
15 7
16 31
17 15
19 3
20 6
21 1
31741
0.05 4
0.06 85
0.07 88
0.08 86
0.11 2
0.12 5
0.13 340
0.14 4
0.17 18
0.18 1
0.23 18
0.24 28
0.25 11572
0.26 26
0.27 165
0.28 1
0.29 1
0.31 1
0.33 1029
0.35 1
0.36 3
0.4 1
0.42 27
0.43 2
0.48 275
0.49 148
0.5 11530
0.51 67
0.52 135
0.53 2
0.54 3
0.58 1
0.67 959
0.73 3
0.75 192
0.77 8
0.82 1
0.83 205
0.92 7
0.98 234
0.99 79
1.0 1950
1.01 33
1.02 36
1.03 2
1.07 1
1.08 42
1.14 1
1.17 33
1.21 1
1.25 70
1.26 2
1.27 5
1.32 1
1.33 49
1.42 8
1.48 11
1.5 262
1.51 10
1.52 25
1.67 7
1.75 9
1.77 2
1.83 12
1.92 1
1.96 3
1.98 57
1.99 15
2.0 516
2.01 46
2.02 71
2.03 1
2.08 1
2.17 146
2.25 4
2.27 6
2.28 1
2.33 55
2.42 1
2.48 1
2.5 37
2.51 4
2.52 10
2.58 3
2.67 15
2.75 2
2.77 1
2.83 26
2.92 1
2.98 5
3.0 72
3.01 17
3.02 4
3.17 6
3.27 1
3.33 5
3.42 1
3.5 10
3.51 3
3.52 7
3.67 2
3.77 1
3.83 8
3.92 1
3.98 26
4.0 60
4.02 17
4.08 1
4.17 4
4.25 1
4.27 1
4.33 2
4.42 1
4.5 3
4.51 4
4.52 8
4.53 1
4.67 4
4.75 1
4.83 7
4.92 1
4.99 1
5.0 20
5.01 2
5.02 2
5.17 1
5.25 1
5.26 2
5.27 1
5.33 31
5.5 5
5.51 12
5.52 3
5.67 10
5.83 17
5.98 1
6.0 6
6.02 9
6.03 2
6.17 3
6.25 4
6.33 7
6.42 1
6.48 2
6.5 10
6.52 1
6.67 3
6.75 1
6.77 1
6.83 2
6.98 2
7.0 6
7.02 11
7.08 1
7.17 1
7.25 1
7.33 3
7.5 11
7.51 2
7.52 10
7.83 4
8.02 9
8.17 2
8.25 1
8.33 6
8.5 1
8.52 4
8.67 10
8.75 1
8.83 33
9.0 3
9.01 2
9.5 4
9.52 2
9.75 1
9.83 2
10.0 4
10.17 3
10.51 1
10.83 2
11.0 1
11.02 1
11.17 2
11.23 1
11.25 1
11.33 2
11.5 1
11.51 1
11.67 3
11.75 2
12.0 7
12.01 8
12.02 8
12.17 1
12.67 9
13.51 2
13.52 3
13.83 1
14.0 1
14.02 3
14.17 2
14.25 1
14.33 2
14.67 1
14.75 1
15.0 1
15.01 1
16.0 2
16.08 2
16.17 2
17.0 1
17.17 3
18.02 1
19.42 1
19.5 2
19.51 1
19.67 4
19.75 1
20.02 7
20.33 1
20.51 1
21.01 4
22.0 1
23.0 1
23.17 3
23.33 1
23.5 2
23.98 1
25.5 1
26.0 1
26.08 1
27.52 3
28.52 1
29.02 1
29.52 1
33.5 1
34.5 1
36.02 1
44.52 1
45.02 1
46.02 4
46.52 1
48.77 1
52.02 1
68.02 1
68.33 1
84.02 1
95.58 2
98.0 1
98.5 2
103.0 1
114.5 2
115.0 1
118.0 1
119.0 1
137.0 1
144.0 2
144.01 1
144.02 2
145.33 1
147.39 1
154.02 1
156.02 1
165.01 2
176.83 1
190.5 3
209.83 1
211.02 2
220.02 1
239.02 1
239.52 1
241.33 2
244.83 1
268.77 1
285.83 2
286.33 1
335.0 1
347.33 1
360.51 2
362.5 1
383.52 1
389.52 1
463.5 1
498.02 1
508.33 1
556.58 1
614.17 1
636.52 1
714.02 3
718.02 1
757.33 4
770.0 1
770.02 3
865.02 1
25305
-22 2
-21 5
-19 2
-17 2
-11 2
-9 1
-8 1
-5 5
-4 20
-3 13
-2 24
-1 5
0 5
1 20
2 18
3 3
4 1
5 6
6 2
7 25
8 11
9 20
10 12
11 2
12 6
13 1
19 7
20 2
422
0.16 1
0.17 232
0.25 12
0.33 73
0.42 2
0.5 27
0.67 49
0.83 7
1.0 6
1.17 1
1.33 1
1.5 1
1.67 4
1.83 1
2.0 1
3.67 1
5.67 2
12.5 1
