Bach
Pitch
-24 0.015031943
-23 0.0075159715
-21 0.010021295
-20 0.010021295
-19 0.0050106477
-18 0.022547914
-17 0.042590506
-16 0.08017036
-15 0.07265439
-14 0.09269698
-13 0.03256921
-12 2.019291
-11 0.2530377
-10 0.618815
-9 0.874358
-8 0.89941126
-7 2.0668921
-6 0.75410247
-5 2.522861
-4 3.6101716
-3 4.920456
-2 17.940624
-1 11.078542
0 9.039208
1 9.903545
2 15.051986
3 3.838156
4 2.9738193
5 4.294125
6 0.65388954
7 1.1624702
8 0.7465865
9 1.04472
10 0.6614055
11 0.10271828
12 1.8789929
13 0.047601152
14 0.06513842
15 0.11775022
16 0.22046849
17 0.10271828
18 0.015031943
19 0.04008518
20 0.022547914
21 0.022547914
22 0.022547914
23 0.0075159715
24 0.015031943
Rhythm
0.03 0.0014553393
0.05 5.0532614E-4
0.06 0.013219331
0.07 0.012451236
0.08 0.0148768015
0.11 4.44687E-4
0.12 0.005093687
0.13 0.2186243
0.14 0.0011319305
0.17 0.006185192
0.18 3.6383484E-4
0.2 0.03031957
0.23 0.008368202
0.24 0.0135831665
0.25 10.292988
0.26 0.013664018
0.27 0.090049125
0.28 5.6596525E-4
0.29 5.861783E-4
0.3 0.032138743
0.31 6.266044E-4
0.33 0.6863744
0.35 0.0028298264
0.36 0.002183009
0.4 0.42043135
0.42 0.022921594
0.43 0.001738322
0.47 9.500132E-4
0.48 0.26681218
0.49 0.146585
0.5 16.925394
0.51 0.07009884
0.52 0.14189558
0.53 0.003213874
0.54 0.0032745134
0.55 0.007782023
0.56 0.005659653
0.58 0.0011723567
0.6 0.2813656
0.63 0.0038202654
0.67 1.2987489
0.7 0.011319306
0.71 0.0028702524
0.73 0.0044266568
0.75 0.60942334
0.77 0.012451236
0.8 0.042043135
0.82 0.0016574698
0.83 0.34392497
0.85 0.008590545
0.87 0.0017585349
0.9 0.021830088
0.92 0.013017202
0.94 0.019000262
0.98 0.46352556
0.99 0.15808624
1.0 5.643482
1.01 0.06737008
1.02 0.074222304
1.03 0.0041638874
1.05 0.010611848
1.07 0.002162796
1.08 0.091686375
1.1 0.27570593
1.14 0.0023042872
1.17 0.07804257
1.2 0.016978959
1.21 0.0024457786
1.25 0.30572233
1.26 0.0050936877
1.27 0.012835284
1.3 0.007883087
1.32 0.002668122
1.33 0.13172843
1.4 0.025468439
1.42 0.022962019
1.48 0.032906838
1.5 1.203687
1.51 0.030521698
1.52 0.07680957
1.55 0.009399066
1.6 0.407495
1.67 0.02362905
1.75 0.038910113
1.77 0.007155418
1.8 0.014553392
1.83 0.044387847
1.85 0.0037394136
1.92 0.0038809048
1.95 0.003941544
1.96 0.0118852705
1.98 0.22812444
1.99 0.06033594
2.0 2.68025
2.01 0.18688983
2.02 0.2898955
2.03 0.004103248
2.06 0.0041638874
2.08 0.0042043133
2.1 0.016978957
2.17 0.64038974
2.2 0.00889374
2.25 0.036383484
2.27 0.027530167
2.28 0.0046085743
2.33 0.25903016
2.4 0.029106786
2.42 0.004891557
2.48 0.0050128354
2.5 0.53059244
2.51 0.020293897
2.52 0.050936874
2.56 0.015523618
2.58 0.015644897
2.6 0.010510784
2.67 0.08095325
2.75 0.02223435
2.77 0.0055990135
2.8 0.016978957
2.83 0.14872758
2.9 0.0058617834
2.92 0.0059022093
2.98 0.030117437
3.0 0.94597054
3.01 0.10343016
3.02 0.02441736
3.1 0.025064176
3.17 0.038445212
3.2 0.07114992
3.25 0.01313848
3.27 0.0066096657
3.33 0.03365472
3.42 0.006912862
3.5 0.09904393
3.51 0.021284336
3.52 0.049804945
3.6 0.15281062
3.67 0.014836376
3.7 0.007478827
3.77 0.0076203183
3.83 0.061932772
3.9 0.007883088
3.92 0.007923514
3.98 0.20916459
4.0 0.54979485
4.02 0.13813595
4.08 0.008246923
4.17 0.03371536
4.25 0.008590545
4.27 0.0086309705
4.33 0.017504496
4.4 0.01778748
4.42 0.008934166
4.5 0.11824632
4.51 0.036464337
4.52 0.073090374
4.53 0.00915651
4.6 0.018596001
4.67 0.03775797
4.75 0.009601196
4.83 0.06834031
4.92 0.009944819
4.99 0.010086309
5.0 0.45479354
5.01 0.020253472
5.02 0.020293897
5.1 0.041234612
5.17 0.010450144
5.2 0.031532347
5.25 0.031835545
5.26 0.021264125
5.27 0.010652275
5.3 0.010712914
5.33 0.33398014
5.4 0.02183009
5.5 0.15564045
5.51 0.13364866
5.52 0.033472802
5.55 0.022436481
5.67 0.11460797
5.75 0.011622502
5.8 0.011723567
5.83 0.2003315
5.98 0.012087401
6.0 0.109150454
6.02 0.10951429
6.03 0.024376934
6.1 0.012329957
6.17 0.037414346
6.25 0.07579892
6.33 0.089564
6.42 0.012976776
6.48 0.026196107
6.5 0.17080024
6.52 0.0131789055
6.67 0.040446304
6.75 0.013643806
6.77 0.013684232
6.83 0.027611021
6.98 0.028217413
7.0 0.24053524
7.02 0.15608513
7.08 0.014310836
7.1 0.028702524
7.17 0.014492754
7.25 0.10258121
7.33 0.044448484
7.48 0.030238716
7.5 0.31835547
7.51 0.030359995
7.52 0.1520021
7.6 0.04608574
7.75 0.03133022
7.8 0.015766175
7.83 0.063307256
8.0 0.14553393
8.02 0.14589778
8.1 0.016372567
8.17 0.03302812
8.25 0.050027285
8.33 0.1010248
8.5 0.06872436
8.52 0.068886064
8.6 0.03476644
8.67 0.1752471
8.75 0.053059243
8.83 0.58898795
9.0 0.05457522
9.01 0.03642391
9.02 0.018232169
9.1 0.018393872
9.5 0.07680957
9.52 0.038485643
9.6 0.019404525
9.75 0.019707719
9.83 0.03973885
10.0 0.08085218
10.1 0.020415178
10.17 0.06167
10.2 0.020617306
10.3 0.041638874
10.51 0.021243911
10.6 0.021425828
10.83 0.043781456
11.0 0.15564045
11.02 0.022274777
11.17 0.045155942
11.23 0.02269925
11.25 0.022739677
11.33 0.04580276
11.5 0.13947001
11.51 0.023265216
11.6 0.046894267
11.67 0.07076587
11.75 0.04750066
12.0 0.24255654
12.01 0.19420695
12.02 0.19436866
12.17 0.024599276
12.67 0.23048937
13.0 0.078830875
13.25 0.026782285
13.5 0.054575223
13.51 0.05461565
13.52 0.08198411
13.83 0.027954642
14.0 0.11319306
14.02 0.08501607
14.17 0.05728377
14.2 0.028702524
14.25 0.08641077
14.33 0.05793059
14.6 0.029511048
14.67 0.029652538
14.75 0.029814241
15.0 0.15159784
15.01 0.030339781
15.8 0.031936612
16.0 0.12936349
16.08 0.06500515
16.1 0.032543004
16.17 0.06536899
16.4 0.033149395
16.8 0.033957914
17.0 0.27489743
17.17 0.10411739
17.25 0.069735005
17.5 0.07074566
18.02 0.03642391
18.75 0.22739676
19.42 0.039253734
19.5 0.078830875
19.51 0.03943565
19.67 0.15903625
19.75 0.039920766
20.02 0.28326562
20.25 0.08186284
20.33 0.041093122
20.51 0.041456956
21.0 0.21223697
21.01 0.16987044
21.2 0.042851657
21.25 0.1718109
21.5 0.04345805
22.0 0.1334061
23.0 0.13947001
23.17 0.14050087
23.25 0.04699533
23.33 0.047157034
23.5 0.09500132
23.6 0.04770279
23.98 0.04847088
24.1 0.048713442
25.5 0.051543266
26.0 0.05255392
26.08 0.052715622
26.5 0.05356457
27.25 0.27540275
27.5 0.055585876
27.52 0.1668789
28.52 0.05764761
29.02 0.05865826
29.5 0.17888544
29.52 0.059668913
30.5 0.06164979
31.0 0.12532088
33.25 0.06720838
33.5 0.1354274
34.05 0.068825416
34.5 0.13947001
35.0 0.28298265
35.2 0.07114992
36.02 0.072807394
36.5 0.073777616
39.2 0.079235144
39.5 0.07984153
40.0 0.16170436
42.2 0.08529905
42.5 0.08590545
42.75 0.08641077
44.1 0.08913953
44.52 0.08998848
45.0 0.18191741
45.02 0.090999134
46.02 0.37208176
46.52 0.09403109
46.75 0.09449599
47.25 0.19101328
47.5 0.09601197
48.5 0.09803327
48.75 0.0985386
48.77 0.09857903
52.02 0.10514826
52.5 0.10611849
53.4 0.107937664
53.5 0.10813979
55.0 0.444687
57.0 0.23042873
57.6 0.11642714
59.6 0.12046975
61.0 0.12329958
68.02 0.13748913
68.33 0.13811575
70.0 0.14149132
72.1 0.14573605
73.6 0.14876801
75.25 0.15210317
77.0 0.15564045
81.1 0.1639278
82.1 0.1659491
84.02 0.16983001
89.0 0.1798961
90.6 0.18313019
95.0 0.38404787
95.58 0.3863926
96.0 0.19404525
98.0 0.19808784
98.5 0.398197
100.5 0.20314111
103.0 0.20819438
114.5 0.46287873
115.0 0.23245002
118.0 0.23851393
119.0 0.24053524
125.0 0.25266308
125.6 0.25387585
129.5 0.7852768
137.0 0.27691874
144.0 0.8732035
144.01 0.29108804
144.02 0.58221656
145.33 0.2937562
147.39 0.29792008
153.0 0.3092596
154.02 0.31132135
156.02 0.31536394
156.8 0.31694058
165.01 0.6670709
176.83 0.3574273
190.5 1.1551756
209.83 0.42413035
211.02 0.8530714
220.02 0.44472745
239.02 0.4831322
239.52 0.48414287
241.33 0.97560287
244.83 0.494876
262.0 0.5295818
268.77 0.543266
285.83 1.1554989
286.33 0.5787601
332.8 0.67269015
335.0 0.677137
347.33 0.7020597
360.51 1.457401
362.5 0.7327229
375.0 0.7579892
383.52 0.7752107
385.1 0.7784044
389.52 0.78733855
463.5 0.9368747
498.02 1.0066501
508.33 1.0274898
556.58 1.1250178
614.17 1.2414246
636.52 1.2866008
714.02 4.329756
718.02 1.4513371
757.33 6.1231785
770.0 1.5564045
770.02 4.669335
865.02 1.7484689
Chopin
Pitch
-24 0.040088195
-23 0.03507717
-22 0.03257166
-21 0.03507717
-20 0.015033073
-19 0.11525356
-18 0.015033073
-17 0.2079575
-16 0.12277009
-15 0.1453197
-14 0.22800161
-13 0.1879134
-12 1.2026458
-11 0.2480457
-10 0.9596111
-9 1.6310884
-8 1.5133293
-7 3.0166366
-6 1.3103828
-5 3.1569452
-4 2.1647625
-3 2.0770695
-2 5.2791142
-1 3.9887753
0 8.5262575
1 3.4350572
2 3.3573864
3 2.69092
4 2.1397073
5 3.4125075
6 1.1700741
7 2.4679294
8 1.1174585
9 1.3028663
10 0.56624573
11 0.30066144
12 1.3003608
13 0.12527561
14 0.11775907
15 0.30817798
16 0.415915
17 0.25556225
18 0.027560633
19 0.17288034
20 0.05762678
21 0.047604732
22 0.05762678
23 0.015033073
24 0.052615754
Rhythm
0.04 0.0019527079
0.05 0.006407323
0.06 0.007505721
0.08 0.029290618
0.09 5.491991E-4
0.1 0.032646835
0.13 0.6266971
0.14 0.005125858
0.15 9.153319E-4
0.16 9.7635394E-4
0.17 2.5758047
0.19 0.29565218
0.2 0.08665141
0.21 0.018581236
0.22 0.0026849734
0.23 7.017544E-4
0.25 8.534706
0.26 0.01586575
0.27 0.16805492
0.28 0.0042715487
0.29 0.098215096
0.3 0.031121284
0.31 0.017971015
0.32 9.7635394E-4
0.33 1.5848056
0.34 0.006224256
0.35 0.2872616
0.37 0.01580473
0.38 0.5414493
0.42 0.0038443932
0.44 0.10202899
0.45 0.02471396
0.46 0.15438597
0.47 0.030114416
0.48 0.001464531
0.49 0.00747521
0.5 8.42563
0.51 0.0031121282
0.52 0.0015865752
0.56 0.07347063
0.58 0.0017696415
0.6 0.08421053
0.62 0.007566743
0.63 0.12109839
0.64 0.0019527079
0.67 0.12878719
0.69 0.018947368
0.7 0.008543097
0.71 0.0043325704
0.75 2.5675058
0.77 0.032890923
0.81 0.29656753
0.83 0.10889397
0.88 0.1208238
0.9 0.005491991
0.91 0.0027765066
0.94 0.011472159
0.96 0.002929062
0.98 0.035881005
1.0 6.8314266
1.02 0.0062242565
1.03 0.031426392
1.04 0.022212053
1.06 0.048512585
1.09 0.0033257059
1.13 0.0482685
1.17 0.0071395882
1.19 0.007261633
1.25 0.129672
1.33 0.0121739125
1.38 0.067368425
1.46 0.01781846
1.49 0.0090922965
1.5 0.8054919
1.51 0.0046071704
1.56 0.004759725
1.6 0.00488177
1.62 0.004942792
1.63 0.029839816
1.67 0.35157895
1.7 0.0051868805
1.75 0.2723112
1.81 0.016567504
1.83 0.0055835242
1.88 0.0057360795
1.94 0.005919146
1.96 0.15548436
1.98 0.054370712
1.99 0.006071701
2.0 2.5446224
2.04 0.043569796
2.06 0.0062852786
2.13 0.019496568
2.17 0.0066209007
2.25 0.05491991
2.29 0.013974066
2.3 0.007017544
2.31 0.007048055
2.33 0.007109077
2.38 0.07987796
2.46 0.007505721
2.5 0.16781083
2.63 0.008024409
2.65 0.056598023
2.67 0.04887872
2.75 0.1426392
2.88 0.026361557
2.94 0.017940504
2.96 0.009031274
2.98 0.018184593
2.99 0.018245615
3.0 1.8489702
3.01 0.00918383
3.02 0.018428681
3.04 0.009275363
3.25 0.06941266
3.29 0.010038139
3.3 0.01006865
3.38 0.010312739
3.5 0.22425629
3.52 0.010739894
3.63 0.04430206
3.67 0.02239512
3.69 0.011258582
3.75 0.25171623
3.81 0.03487414
3.88 0.035514873
3.94 0.024042716
3.98 0.012143402
3.99 0.036521737
4.0 1.3791
4.05 0.012356981
4.06 0.037162468
4.25 0.0389016
4.37 0.026666667
4.38 0.013363845
4.5 0.096109845
4.55 0.013882534
4.69 0.014309688
4.75 0.028985508
4.87 0.014858887
4.88 0.014889399
4.96 0.015133486
5.0 0.259344
5.05 0.015408087
5.24 0.015987795
5.25 0.080091536
5.37 0.03276888
5.38 0.016414952
5.46 0.01665904
5.5 0.15102975
5.67 0.05189931
5.75 0.01754386
5.8 0.017696416
5.88 0.07176202
6.0 0.091533184
6.5 0.11899313
6.75 0.061784893
6.83 0.06251716
6.94 0.021174677
7.0 0.17086194
7.04 0.021479787
7.15 0.02181541
7.25 0.066361554
7.38 0.022517163
7.5 0.06864988
7.75 0.047292143
7.83 0.02389016
8.0 0.29290617
8.04 0.07359267
8.08 0.024652937
8.13 0.024805494
8.25 0.100686505
8.29 0.050587337
8.38 0.05113654
8.5 0.0778032
8.69 0.079542324
8.75 0.05339436
8.87 0.02706331
8.88 0.054187644
9.0 0.16475973
9.04 0.027582
9.25 0.14111365
9.46 0.028863464
9.5 0.028985508
9.88 0.060289856
10.0 0.21357743
10.02 0.030572085
10.16 0.030999238
10.5 0.2242563
10.94 0.0333791
11.0 0.10068649
11.25 0.06864989
11.5 0.24561405
11.75 0.07170099
12.0 0.21967962
12.5 0.07627765
12.75 0.038901605
13.0 0.03966438
13.25 0.08085431
13.5 0.08237986
14.0 0.042715486
14.13 0.08622426
14.46 0.044118993
14.5 0.044241037
14.88 0.04540046
15.25 0.046529368
15.75 0.096109845
15.87 0.048421055
15.92 0.04857361
16.0 0.048817698
17.0 0.36308163
17.17 0.05238749
17.88 0.10910755
18.0 0.16475973
18.46 0.056323417
18.5 0.056445464
18.75 0.05720824
18.87 0.057574376
18.98 0.05790999
19.5 0.05949657
19.75 0.18077803
20.04 0.06114417
21.0 0.12814645
21.65 0.066056445
21.75 0.06636156
21.83 0.06660565
21.88 0.0667582
22.0 0.06712434
22.5 0.06864989
23.0 0.14035088
24.0 0.07322655
24.5 0.1495042
25.5 0.07780321
26.0 0.07932876
26.5 0.08085431
27.0 0.24713957
28.0 0.08543097
28.5 0.08695652
29.0 0.088482074
29.5 0.09000763
30.5 0.093058735
30.87 0.09418765
31.0 0.094584286
31.37 0.0957132
31.5 0.096109845
31.92 0.09739131
32.0 0.097635396
33.0 0.100686505
33.5 0.10221206
35.0 0.10678872
36.0 0.10983982
37.5 0.11441648
38.75 0.118230365
38.94 0.118810065
39.0 0.11899314
40.0 0.24408849
41.75 0.12738368
42.5 0.129672
43.0 0.13119756
46.75 0.1426392
49.0 0.2990084
50.0 0.1525553
51.38 0.15676583
51.5 0.15713197
54.0 0.16475973
54.97 0.1677193
55.88 0.17049581
57.0 0.17391305
57.25 0.17467582
58.75 0.17925249
59.67 0.1820595
64.5 0.19679634
67.0 0.20442411
71.0 0.21662854
78.01 0.2380168
78.75 0.24027461
81.97 0.25009918
83.75 0.25553015
84.98 0.259283
86.38 0.26355454
89.5 0.273074
95.67 0.29189932
95.74 0.2921129
96.0 0.2929062
97.37 0.2970862
105.5 0.3218917
137.0 0.41800153
144.0 0.87871855
149.75 0.45690313
235.0 0.71700996
270.88 0.82648367
