0.05 0.05 0.007015820675623532
0.05 0.06 0.003507910337811766
0.05 0.18 0.003507910337811766
0.06 0.07 0.29817237871400004
0.07 0.06 0.18942715824183534
0.07 0.07 0.003507910337811766
0.07 0.08 0.09471357912091767
0.07 0.12 0.003507910337811766
0.07 0.13 0.003507910337811766
0.07 0.25 0.010523731013435296
0.07 1.0 0.003507910337811766
0.08 0.06 0.003507910337811766
0.08 0.08 0.19644297891745888
0.08 0.13 0.017539551689058828
0.08 0.17 0.007015820675623532
0.08 0.25 0.007015820675623532
0.08 0.5 0.07015820675623531
0.11 0.14 0.007015820675623532
0.12 0.12 0.003507910337811766
0.12 0.13 0.007015820675623532
0.12 0.33 0.003507910337811766
0.12 1.25 0.003507910337811766
0.13 0.11 0.003507910337811766
0.13 0.12 0.003507910337811766
0.13 0.13 0.6910583365489178
0.13 0.25 0.34728312344336476
0.13 0.33 0.03157119304030589
0.13 0.36 0.003507910337811766
0.13 0.48 0.007015820675623532
0.13 0.5 0.056126565404988255
0.13 0.67 0.007015820675623532
0.13 1.0 0.028063282702494127
0.13 1.75 0.003507910337811766
0.13 3.98 0.003507910337811766
0.14 0.13 0.014031641351247064
0.17 0.07 0.003507910337811766
0.17 0.13 0.003507910337811766
0.17 0.17 0.014031641351247064
0.17 0.25 0.010523731013435296
0.17 0.33 0.003507910337811766
0.17 0.48 0.003507910337811766
0.17 0.5 0.010523731013435296
0.17 3.0 0.003507910337811766
0.18 0.05 0.003507910337811766
0.23 0.23 0.007015820675623532
0.23 0.24 0.003507910337811766
0.23 0.25 0.017539551689058828
0.23 0.5 0.021047462026870592
0.23 0.98 0.010523731013435296
0.23 1.0 0.003507910337811766
0.24 0.25 0.08068193776967061
0.24 0.5 0.003507910337811766
0.24 0.75 0.007015820675623532
0.24 7.0 0.003507910337811766
0.25 0.05 0.003507910337811766
0.25 0.06 0.03157119304030589
0.25 0.08 0.010523731013435296
0.25 0.11 0.003507910337811766
0.25 0.13 0.1929350685796471
0.25 0.17 0.017539551689058828
0.25 0.23 0.035079103378117656
0.25 0.24 0.08769775844529414
0.25 0.25 30.97134037254008
0.25 0.26 0.007015820675623532
0.25 0.33 0.21749044094432946
0.25 0.35 0.003507910337811766
0.25 0.48 0.035079103378117656
0.25 0.49 0.04911074472936472
0.25 0.5 5.188199389623601
0.25 0.52 0.003507910337811766
0.25 0.67 1.0067702669519767
0.25 0.73 0.007015820675623532
0.25 0.75 0.34728312344336476
0.25 0.98 0.1824113375662118
0.25 0.99 0.08068193776967061
0.25 1.0 0.47356789560458834
0.25 1.07 0.003507910337811766
0.25 1.21 0.003507910337811766
0.25 1.25 0.12628477216122355
0.25 1.33 0.007015820675623532
0.25 1.5 0.19644297891745888
0.25 1.75 0.010523731013435296
0.25 11.75 0.007015820675623532
0.25 14.75 0.003507910337811766
0.25 2.0 0.007015820675623532
0.25 2.25 0.010523731013435296
0.25 2.5 0.010523731013435296
0.25 2.67 0.003507910337811766
0.25 3.0 0.021047462026870592
0.25 3.5 0.003507910337811766
0.25 4.0 0.003507910337811766
0.25 5.0 0.007015820675623532
0.25 5.17 0.003507910337811766
0.25 6.0 0.007015820675623532
0.25 6.5 0.014031641351247064
0.25 6.67 0.007015820675623532
0.25 6.75 0.003507910337811766
0.25 6.98 0.007015820675623532
0.25 7.25 0.003507910337811766
0.25 7.52 0.003507910337811766
0.26 0.24 0.003507910337811766
0.26 0.25 0.003507910337811766
0.26 0.43 0.003507910337811766
0.31 0.25 0.003507910337811766
0.33 0.13 0.003507910337811766
0.33 0.17 0.003507910337811766
0.33 0.25 0.5226786403339531
0.33 0.33 0.9120566878310591
0.33 0.48 0.003507910337811766
0.33 0.5 1.1260392184375767
0.33 0.67 0.04911074472936472
0.33 0.75 0.010523731013435296
0.33 0.98 0.003507910337811766
0.33 1.0 0.042094924053741184
0.33 1.33 0.007015820675623532
0.33 1.5 0.021047462026870592
0.33 1.98 0.007015820675623532
0.33 2.0 0.03157119304030589
0.33 2.33 0.007015820675623532
0.33 2.75 0.003507910337811766
0.33 3.0 0.014031641351247064
0.33 3.33 0.007015820675623532
0.33 4.67 0.003507910337811766
0.33 4.75 0.003507910337811766
0.33 8.25 0.003507910337811766
0.35 0.4 0.003507910337811766
0.36 0.5 0.003507910337811766
0.4 0.5 0.003507910337811766
0.43 0.25 0.003507910337811766
0.48 0.13 0.003507910337811766
0.48 0.23 0.003507910337811766
0.48 0.25 0.5647735643876942
0.48 0.33 0.021047462026870592
0.48 0.48 0.017539551689058828
0.48 0.5 0.22450626161995302
0.48 0.67 0.010523731013435296
0.48 0.75 0.007015820675623532
0.48 0.98 0.007015820675623532
0.48 1.0 0.059634475742800015
0.48 1.25 0.003507910337811766
0.48 2.0 0.03157119304030589
0.48 2.48 0.003507910337811766
0.49 0.25 0.15785596520152945
0.49 0.5 0.34026730276774125
0.49 0.75 0.003507910337811766
0.49 0.99 0.003507910337811766
0.49 1.99 0.007015820675623532
0.49 6.5 0.003507910337811766
0.5 0.06 0.07015820675623531
0.5 0.07 0.003507910337811766
0.5 0.13 0.05261865506717648
0.5 0.17 0.007015820675623532
0.5 0.23 0.014031641351247064
0.5 0.25 4.556775528817483
0.5 0.31 0.003507910337811766
0.5 0.33 1.480338162556565
0.5 0.48 0.8769775844529414
0.5 0.49 0.46304416459115305
0.5 0.5 25.527063528256217
0.5 0.54 0.010523731013435296
0.5 0.67 0.8173431087101413
0.5 0.75 0.2209983512821412
0.5 0.98 0.4665520749289648
0.5 0.99 0.028063282702494127
0.5 1.0 2.8764864770056477
0.5 1.25 0.09471357912091767
0.5 1.33 0.08418984810748237
0.5 1.48 0.021047462026870592
0.5 1.5 0.19644297891745888
0.5 1.75 0.014031641351247064
0.5 1.98 0.0912056687831059
0.5 1.99 0.021047462026870592
0.5 2.0 0.5752972954011295
0.5 2.25 0.003507910337811766
0.5 2.5 0.06665029641842354
0.5 2.98 0.003507910337811766
0.5 26.0 0.003507910337811766
0.5 3.0 0.059634475742800015
0.5 3.5 0.028063282702494127
0.5 3.98 0.014031641351247064
0.5 4.0 0.042094924053741184
0.5 5.0 0.010523731013435296
0.5 6.25 0.003507910337811766
0.5 6.5 0.003507910337811766
0.5 7.0 0.003507910337811766
0.5 7.5 0.017539551689058828
0.5 8.5 0.003507910337811766
0.52 0.25 0.003507910337811766
0.54 0.5 0.010523731013435296
0.67 0.13 0.15434805486371767
0.67 0.25 0.21047462026870592
0.67 0.33 0.014031641351247064
0.67 0.5 1.4136878661381416
0.67 0.67 0.6700108745220472
0.67 0.75 0.003507910337811766
0.67 1.0 0.07015820675623531
0.67 1.25 0.010523731013435296
0.67 1.5 0.007015820675623532
0.67 1.98 0.007015820675623532
0.67 2.0 0.003507910337811766
0.67 6.33 0.007015820675623532
0.67 6.48 0.007015820675623532
0.73 0.14 0.007015820675623532
0.73 0.48 0.003507910337811766
0.75 0.12 0.003507910337811766
0.75 0.13 0.038587013715929416
0.75 0.24 0.003507910337811766
0.75 0.25 0.5823131160767531
0.75 0.26 0.003507910337811766
0.75 0.5 0.003507910337811766
0.98 0.25 0.09471357912091767
0.98 0.33 0.003507910337811766
0.98 0.48 0.010523731013435296
0.98 0.5 0.554249833374259
0.98 0.67 0.02455537236468236
0.98 0.73 0.003507910337811766
0.98 0.98 0.03157119304030589
0.98 1.0 0.07015820675623531
0.98 1.48 0.003507910337811766
0.98 1.5 0.007015820675623532
0.98 1.98 0.003507910337811766
0.98 2.0 0.007015820675623532
0.98 3.0 0.003507910337811766
0.98 5.0 0.003507910337811766
0.99 0.25 0.07717402743185883
0.99 0.5 0.08418984810748237
0.99 0.99 0.06314238608061178
0.99 1.99 0.007015820675623532
1.0 0.25 0.389378047497106
1.0 0.48 0.007015820675623532
1.0 0.49 0.007015820675623532
1.0 0.5 2.8799943873434595
1.0 0.67 0.010523731013435296
1.0 0.75 0.010523731013435296
1.0 0.98 0.06665029641842354
1.0 0.99 0.056126565404988255
1.0 1.0 2.420458133090118
1.0 1.48 0.003507910337811766
1.0 1.5 0.2630932753358824
1.0 1.98 0.010523731013435296
1.0 1.99 0.017539551689058828
1.0 2.0 0.35780685445680005
1.0 2.5 0.003507910337811766
1.0 3.0 0.017539551689058828
1.0 3.98 0.003507910337811766
1.0 4.0 0.02455537236468236
1.0 5.98 0.003507910337811766
1.0 7.0 0.003507910337811766
1.0 9.5 0.003507910337811766
1.07 0.25 0.003507910337811766
1.21 0.25 0.003507910337811766
1.25 0.25 0.23853790297120006
1.33 0.25 0.010523731013435296
1.33 0.33 0.02455537236468236
1.33 1.0 0.021047462026870592
1.33 1.5 0.003507910337811766
1.33 12.0 0.010523731013435296
1.33 2.0 0.03157119304030589
1.48 0.13 0.003507910337811766
1.48 0.23 0.003507910337811766
1.48 0.5 0.03157119304030589
1.5 0.25 0.2771249166871295
1.5 0.5 0.5261865506717648
1.5 0.75 0.007015820675623532
1.5 0.98 0.028063282702494127
1.5 1.5 0.003507910337811766
1.5 2.0 0.007015820675623532
1.5 2.5 0.014031641351247064
1.75 0.13 0.003507910337811766
1.75 0.25 0.028063282702494127
1.98 0.25 0.014031641351247064
1.98 0.33 0.003507910337811766
1.98 0.5 0.038587013715929416
1.98 0.99 0.02455537236468236
1.98 1.0 0.035079103378117656
1.98 1.98 0.007015820675623532
1.98 2.0 0.07366611709404708
1.98 6.25 0.003507910337811766
1.99 0.25 0.007015820675623532
1.99 0.5 0.010523731013435296
1.99 1.0 0.03157119304030589
1.99 2.0 0.003507910337811766
10.0 0.33 0.010523731013435296
11.25 0.25 0.003507910337811766
11.75 0.25 0.003507910337811766
11.75 0.5 0.003507910337811766
12.0 1.0 0.010523731013435296
12.0 1.5 0.010523731013435296
14.25 0.25 0.003507910337811766
14.75 0.25 0.003507910337811766
19.75 0.25 0.003507910337811766
2.0 0.25 0.014031641351247064
2.0 0.33 0.035079103378117656
2.0 0.5 0.3753464061458589
2.0 0.67 0.003507910337811766
2.0 0.98 0.003507910337811766
2.0 0.99 0.017539551689058828
2.0 1.0 0.3157119304030589
2.0 1.5 0.15434805486371767
2.0 1.98 0.07366611709404708
2.0 10.0 0.010523731013435296
2.0 12.0 0.010523731013435296
2.0 2.0 0.5788052057389412
2.0 2.5 0.007015820675623532
2.0 2.98 0.003507910337811766
2.0 22.0 0.003507910337811766
2.0 3.0 0.003507910337811766
2.0 3.5 0.003507910337811766
2.0 3.98 0.03157119304030589
2.0 4.0 0.09822148945872944
2.0 6.0 0.007015820675623532
2.0 9.0 0.003507910337811766
2.25 0.25 0.010523731013435296
2.25 0.5 0.003507910337811766
2.33 0.33 0.007015820675623532
2.48 1.0 0.003507910337811766
2.5 0.25 0.021047462026870592
2.5 0.5 0.07015820675623531
2.5 0.75 0.010523731013435296
2.67 0.25 0.003507910337811766
2.75 0.25 0.003507910337811766
2.98 2.0 0.014031641351247064
2.98 3.0 0.003507910337811766
22.0 0.5 0.003507910337811766
23.98 1.0 0.003507910337811766
26.0 0.5 0.003507910337811766
3.0 0.25 0.010523731013435296
3.0 0.33 0.003507910337811766
3.0 0.5 0.056126565404988255
3.0 0.98 0.010523731013435296
3.0 1.48 0.010523731013435296
3.0 14.25 0.003507910337811766
3.0 2.0 0.007015820675623532
3.0 2.98 0.007015820675623532
3.0 3.0 0.08068193776967061
3.0 5.0 0.003507910337811766
3.0 5.5 0.003507910337811766
3.0 6.0 0.007015820675623532
3.0 6.25 0.007015820675623532
3.33 0.33 0.007015820675623532
3.5 0.25 0.003507910337811766
3.5 0.5 0.03157119304030589
3.67 1.33 0.003507910337811766
3.98 0.25 0.017539551689058828
3.98 0.5 0.007015820675623532
3.98 1.0 0.06314238608061178
3.98 2.0 0.003507910337811766
4.0 0.12 0.003507910337811766
4.0 0.25 0.035079103378117656
4.0 0.5 0.03157119304030589
4.0 0.75 0.007015820675623532
4.0 0.99 0.003507910337811766
4.0 1.0 0.028063282702494127
4.0 2.0 0.017539551689058828
4.0 3.98 0.038587013715929416
4.0 4.0 0.035079103378117656
4.0 6.5 0.003507910337811766
4.67 0.33 0.003507910337811766
4.75 0.25 0.003507910337811766
5.0 0.25 0.003507910337811766
5.0 0.5 0.010523731013435296
5.0 1.0 0.003507910337811766
5.0 1.75 0.003507910337811766
5.0 3.67 0.003507910337811766
5.5 0.5 0.003507910337811766
5.98 2.0 0.003507910337811766
6.0 0.5 0.003507910337811766
6.0 1.0 0.007015820675623532
6.0 11.25 0.003507910337811766
6.0 2.98 0.003507910337811766
6.0 23.98 0.003507910337811766
6.25 0.25 0.014031641351247064
6.33 0.25 0.007015820675623532
6.48 0.25 0.003507910337811766
6.48 0.5 0.003507910337811766
6.5 0.25 0.014031641351247064
6.5 0.5 0.010523731013435296
6.67 0.5 0.007015820675623532
6.75 1.0 0.003507910337811766
6.98 0.5 0.007015820675623532
7.0 0.25 0.007015820675623532
7.0 0.5 0.003507910337811766
7.25 0.5 0.003507910337811766
7.5 0.25 0.007015820675623532
7.5 0.5 0.014031641351247064
7.5 19.75 0.003507910337811766
7.52 0.17 0.003507910337811766
8.25 0.25 0.003507910337811766
8.5 0.25 0.003507910337811766
9.0 0.5 0.003507910337811766
9.5 0.5 0.003507910337811766
