28507
0 0 957
0 1 839
0 10 666
0 11 4
0 2 97
0 3 278
0 4 3
0 5 352
0 6 37
0 7 143
0 8 366
0 9 19
1 0 687
1 1 525
1 10 189
1 11 158
1 2 22
1 3 836
1 4 31
1 5 325
1 6 72
1 7 10
1 8 212
1 9 46
10 0 823
10 1 253
10 10 731
10 11 194
10 2 16
10 3 168
10 4 26
10 5 387
10 6 97
10 7 87
10 8 872
10 9 31
11 0 16
11 1 141
11 10 220
11 11 98
11 2 6
11 3 52
11 4 5
11 5 8
11 6 7
11 7 7
11 8 47
11 9 94
2 0 28
2 1 30
2 10 17
2 11 4
2 2 160
2 3 180
2 4 4
2 5 31
2 6 3
2 7 16
2 8 5
2 9 2
3 0 181
3 1 679
3 10 293
3 11 69
3 2 85
3 3 671
3 4 96
3 5 1065
3 6 142
3 7 148
3 8 144
3 9 20
4 0 1
4 1 17
4 10 4
4 2 6
4 3 133
4 4 39
4 5 17
4 6 12
4 7 12
4 8 33
5 0 609
5 1 283
5 10 213
5 11 17
5 2 35
5 3 808
5 4 4
5 5 1015
5 6 617
5 7 567
5 8 407
5 9 5
6 0 12
6 1 122
6 10 132
6 11 6
6 2 4
6 3 115
6 4 37
6 5 563
6 6 165
6 7 4
6 8 458
6 9 40
7 0 83
7 1 29
7 10 133
7 11 8
7 2 36
7 3 92
7 4 8
7 5 447
7 6 13
7 7 332
7 8 760
7 9 26
8 0 350
8 1 136
8 10 1045
8 11 74
8 2 12
8 3 258
8 4 21
8 5 369
8 6 436
8 7 627
8 8 727
8 9 146
9 0 12
9 1 59
9 10 44
9 11 69
9 2 1
9 3 4
9 4 1
9 5 2
9 6 58
9 7 10
9 8 169
9 9 65
