28507
0.05 0.05 2
0.05 0.06 1
0.05 0.18 1
0.06 0.07 85
0.07 0.06 54
0.07 0.07 1
0.07 0.08 27
0.07 0.12 1
0.07 0.13 1
0.07 0.25 3
0.07 1.0 1
0.08 0.06 1
0.08 0.08 56
0.08 0.13 5
0.08 0.17 2
0.08 0.25 2
0.08 0.5 20
0.11 0.14 2
0.12 0.12 1
0.12 0.13 2
0.12 0.33 1
0.12 1.25 1
0.13 0.11 1
0.13 0.12 1
0.13 0.13 197
0.13 0.25 99
0.13 0.33 9
0.13 0.36 1
0.13 0.48 2
0.13 0.5 16
0.13 0.67 2
0.13 1.0 8
0.13 1.75 1
0.13 3.98 1
0.14 0.13 4
0.17 0.07 1
0.17 0.13 1
0.17 0.17 4
0.17 0.25 3
0.17 0.33 1
0.17 0.48 1
0.17 0.5 3
0.17 3.0 1
0.18 0.05 1
0.23 0.23 2
0.23 0.24 1
0.23 0.25 5
0.23 0.5 6
0.23 0.98 3
0.23 1.0 1
0.24 0.25 23
0.24 0.5 1
0.24 0.75 2
0.24 7.0 1
0.25 0.05 1
0.25 0.06 9
0.25 0.08 3
0.25 0.11 1
0.25 0.13 55
0.25 0.17 5
0.25 0.23 10
0.25 0.24 25
0.25 0.25 8829
0.25 0.26 2
0.25 0.33 62
0.25 0.35 1
0.25 0.48 10
0.25 0.49 14
0.25 0.5 1479
0.25 0.52 1
0.25 0.67 287
0.25 0.73 2
0.25 0.75 99
0.25 0.98 52
0.25 0.99 23
0.25 1.0 135
0.25 1.07 1
0.25 1.21 1
0.25 1.25 36
0.25 1.33 2
0.25 1.5 56
0.25 1.75 3
0.25 11.75 2
0.25 14.75 1
0.25 2.0 2
0.25 2.25 3
0.25 2.5 3
0.25 2.67 1
0.25 3.0 6
0.25 3.5 1
0.25 4.0 1
0.25 5.0 2
0.25 5.17 1
0.25 6.0 2
0.25 6.5 4
0.25 6.67 2
0.25 6.75 1
0.25 6.98 2
0.25 7.25 1
0.25 7.52 1
0.26 0.24 1
0.26 0.25 1
0.26 0.43 1
0.31 0.25 1
0.33 0.13 1
0.33 0.17 1
0.33 0.25 149
0.33 0.33 260
0.33 0.48 1
0.33 0.5 321
0.33 0.67 14
0.33 0.75 3
0.33 0.98 1
0.33 1.0 12
0.33 1.33 2
0.33 1.5 6
0.33 1.98 2
0.33 2.0 9
0.33 2.33 2
0.33 2.75 1
0.33 3.0 4
0.33 3.33 2
0.33 4.67 1
0.33 4.75 1
0.33 8.25 1
0.35 0.4 1
0.36 0.5 1
0.4 0.5 1
0.43 0.25 1
0.48 0.13 1
0.48 0.23 1
0.48 0.25 161
0.48 0.33 6
0.48 0.48 5
0.48 0.5 64
0.48 0.67 3
0.48 0.75 2
0.48 0.98 2
0.48 1.0 17
0.48 1.25 1
0.48 2.0 9
0.48 2.48 1
0.49 0.25 45
0.49 0.5 97
0.49 0.75 1
0.49 0.99 1
0.49 1.99 2
0.49 6.5 1
0.5 0.06 20
0.5 0.07 1
0.5 0.13 15
0.5 0.17 2
0.5 0.23 4
0.5 0.25 1299
0.5 0.31 1
0.5 0.33 422
0.5 0.48 250
0.5 0.49 132
0.5 0.5 7277
0.5 0.54 3
0.5 0.67 233
0.5 0.75 63
0.5 0.98 133
0.5 0.99 8
0.5 1.0 820
0.5 1.25 27
0.5 1.33 24
0.5 1.48 6
0.5 1.5 56
0.5 1.75 4
0.5 1.98 26
0.5 1.99 6
0.5 2.0 164
0.5 2.25 1
0.5 2.5 19
0.5 2.98 1
0.5 26.0 1
0.5 3.0 17
0.5 3.5 8
0.5 3.98 4
0.5 4.0 12
0.5 5.0 3
0.5 6.25 1
0.5 6.5 1
0.5 7.0 1
0.5 7.5 5
0.5 8.5 1
0.52 0.25 1
0.54 0.5 3
0.67 0.13 44
0.67 0.25 60
0.67 0.33 4
0.67 0.5 403
0.67 0.67 191
0.67 0.75 1
0.67 1.0 20
0.67 1.25 3
0.67 1.5 2
0.67 1.98 2
0.67 2.0 1
0.67 6.33 2
0.67 6.48 2
0.73 0.14 2
0.73 0.48 1
0.75 0.12 1
0.75 0.13 11
0.75 0.24 1
0.75 0.25 166
0.75 0.26 1
0.75 0.5 1
0.98 0.25 27
0.98 0.33 1
0.98 0.48 3
0.98 0.5 158
0.98 0.67 7
0.98 0.73 1
0.98 0.98 9
0.98 1.0 20
0.98 1.48 1
0.98 1.5 2
0.98 1.98 1
0.98 2.0 2
0.98 3.0 1
0.98 5.0 1
0.99 0.25 22
0.99 0.5 24
0.99 0.99 18
0.99 1.99 2
1.0 0.25 111
1.0 0.48 2
1.0 0.49 2
1.0 0.5 821
1.0 0.67 3
1.0 0.75 3
1.0 0.98 19
1.0 0.99 16
1.0 1.0 690
1.0 1.48 1
1.0 1.5 75
1.0 1.98 3
1.0 1.99 5
1.0 2.0 102
1.0 2.5 1
1.0 3.0 5
1.0 3.98 1
1.0 4.0 7
1.0 5.98 1
1.0 7.0 1
1.0 9.5 1
1.07 0.25 1
1.21 0.25 1
1.25 0.25 68
1.33 0.25 3
1.33 0.33 7
1.33 1.0 6
1.33 1.5 1
1.33 12.0 3
1.33 2.0 9
1.48 0.13 1
1.48 0.23 1
1.48 0.5 9
1.5 0.25 79
1.5 0.5 150
1.5 0.75 2
1.5 0.98 8
1.5 1.5 1
1.5 2.0 2
1.5 2.5 4
1.75 0.13 1
1.75 0.25 8
1.98 0.25 4
1.98 0.33 1
1.98 0.5 11
1.98 0.99 7
1.98 1.0 10
1.98 1.98 2
1.98 2.0 21
1.98 6.25 1
1.99 0.25 2
1.99 0.5 3
1.99 1.0 9
1.99 2.0 1
10.0 0.33 3
11.25 0.25 1
11.75 0.25 1
11.75 0.5 1
12.0 1.0 3
12.0 1.5 3
14.25 0.25 1
14.75 0.25 1
19.75 0.25 1
2.0 0.25 4
2.0 0.33 10
2.0 0.5 107
2.0 0.67 1
2.0 0.98 1
2.0 0.99 5
2.0 1.0 90
2.0 1.5 44
2.0 1.98 21
2.0 10.0 3
2.0 12.0 3
2.0 2.0 165
2.0 2.5 2
2.0 2.98 1
2.0 22.0 1
2.0 3.0 1
2.0 3.5 1
2.0 3.98 9
2.0 4.0 28
2.0 6.0 2
2.0 9.0 1
2.25 0.25 3
2.25 0.5 1
2.33 0.33 2
2.48 1.0 1
2.5 0.25 6
2.5 0.5 20
2.5 0.75 3
2.67 0.25 1
2.75 0.25 1
2.98 2.0 4
2.98 3.0 1
22.0 0.5 1
23.98 1.0 1
26.0 0.5 1
3.0 0.25 3
3.0 0.33 1
3.0 0.5 16
3.0 0.98 3
3.0 1.48 3
3.0 14.25 1
3.0 2.0 2
3.0 2.98 2
3.0 3.0 23
3.0 5.0 1
3.0 5.5 1
3.0 6.0 2
3.0 6.25 2
3.33 0.33 2
3.5 0.25 1
3.5 0.5 9
3.67 1.33 1
3.98 0.25 5
3.98 0.5 2
3.98 1.0 18
3.98 2.0 1
4.0 0.12 1
4.0 0.25 10
4.0 0.5 9
4.0 0.75 2
4.0 0.99 1
4.0 1.0 8
4.0 2.0 5
4.0 3.98 11
4.0 4.0 10
4.0 6.5 1
4.67 0.33 1
4.75 0.25 1
5.0 0.25 1
5.0 0.5 3
5.0 1.0 1
5.0 1.75 1
5.0 3.67 1
5.5 0.5 1
5.98 2.0 1
6.0 0.5 1
6.0 1.0 2
6.0 11.25 1
6.0 2.98 1
6.0 23.98 1
6.25 0.25 4
6.33 0.25 2
6.48 0.25 1
6.48 0.5 1
6.5 0.25 4
6.5 0.5 3
6.67 0.5 2
6.75 1.0 1
6.98 0.5 2
7.0 0.25 2
7.0 0.5 1
7.25 0.5 1
7.5 0.25 2
7.5 0.5 4
7.5 19.75 1
7.52 0.17 1
8.25 0.25 1
8.5 0.25 1
9.0 0.5 1
9.5 0.5 1
