0 0 3.3570701932858595
0 1 2.9431367734240714
0 10 2.3362682849826357
0 11 0.014031641351247064
0 2 0.34026730276774125
0 3 0.9751990739116707
0 4 0.010523731013435296
0 5 1.2347844389097413
0 6 0.1297926824990353
0 7 0.5016311783070825
0 8 1.2838951836391062
0 9 0.06665029641842354
1 0 2.409934402076683
1 1 1.841652927351177
1 10 0.6629950538464237
1 11 0.554249833374259
1 2 0.07717402743185883
1 3 2.932613042410636
1 4 0.10874522047216473
1 5 1.1400708597888238
1 6 0.2525695443224471
1 7 0.035079103378117656
1 8 0.7436769916160944
1 9 0.16136387553934123
10 0 2.887010208019083
10 1 0.8875013154663767
10 10 2.5642824569404006
10 11 0.6805346055354825
10 2 0.056126565404988255
10 3 0.5893289367523766
10 4 0.0912056687831059
10 5 1.3575613007331533
10 6 0.34026730276774125
10 7 0.3051881993896236
10 8 3.0588978145718597
10 9 0.10874522047216473
11 0 0.056126565404988255
11 1 0.494615357631459
11 10 0.7717402743185884
11 11 0.34377521310555303
11 2 0.021047462026870592
11 3 0.1824113375662118
11 4 0.017539551689058828
11 5 0.028063282702494127
11 6 0.02455537236468236
11 7 0.02455537236468236
11 8 0.16487178587715298
11 9 0.32974357175430596
2 0 0.09822148945872944
2 1 0.10523731013435296
2 10 0.059634475742800015
2 11 0.014031641351247064
2 2 0.5612656540498825
2 3 0.6314238608061178
2 4 0.014031641351247064
2 5 0.10874522047216473
2 6 0.010523731013435296
2 7 0.056126565404988255
2 8 0.017539551689058828
2 9 0.007015820675623532
3 0 0.6349317711439295
3 1 2.3818711193741886
3 10 1.0278177289788473
3 11 0.24204581330901181
3 2 0.29817237871400004
3 3 2.3538078366716944
3 4 0.33675939242992947
3 5 3.7359245097695304
3 6 0.4981232679692707
3 7 0.5191707299961412
3 8 0.5051390886448942
3 9 0.07015820675623531
4 0 0.003507910337811766
4 1 0.059634475742800015
4 10 0.014031641351247064
4 2 0.021047462026870592
4 3 0.4665520749289648
4 4 0.13680850317465887
4 5 0.059634475742800015
4 6 0.042094924053741184
4 7 0.042094924053741184
4 8 0.11576104114778826
5 0 2.136317395727365
5 1 0.9927386256007297
5 10 0.7471849019539061
5 11 0.059634475742800015
5 2 0.1227768618234118
5 3 2.8343915529519066
5 4 0.014031641351247064
5 5 3.560528992878942
5 6 2.1643806784298594
5 7 1.9889851615392709
5 8 1.4277195074893885
5 9 0.017539551689058828
6 0 0.042094924053741184
6 1 0.42796506121303535
6 10 0.46304416459115305
6 11 0.021047462026870592
6 2 0.014031641351247064
6 3 0.40340968884835304
6 4 0.1297926824990353
6 5 1.974953520188024
6 6 0.5788052057389412
6 7 0.014031641351247064
6 8 1.6066229347177885
6 9 0.14031641351247062
7 0 0.29115655803837653
7 1 0.10172939979654119
7 10 0.4665520749289648
7 11 0.028063282702494127
7 2 0.12628477216122355
7 3 0.32272775107868246
7 4 0.028063282702494127
7 5 1.568035921001859
7 6 0.04560283439155295
7 7 1.1646262321535061
7 8 2.666011856736942
7 9 0.0912056687831059
8 0 1.2277686182341179
8 1 0.4770758059424001
8 10 3.665766303013295
8 11 0.2595853649980706
8 2 0.042094924053741184
8 3 0.9050408671554355
8 4 0.07366611709404708
8 5 1.2944189146525416
8 6 1.5294489072859299
8 7 2.1994597818079766
8 8 2.5502508155891537
8 9 0.5121549093205178
9 0 0.042094924053741184
9 1 0.20696670993089417
9 10 0.15434805486371767
9 11 0.24204581330901181
9 2 0.003507910337811766
9 3 0.014031641351247064
9 4 0.003507910337811766
9 5 0.007015820675623532
9 6 0.20345879959308238
9 7 0.035079103378117656
9 8 0.5928368470901885
9 9 0.22801417195776477
