278 0.0916030534351145 1.0 QuantisationException QuantisationException 0.019157088122605363 0.4883720930232558 0.4904214559386973 0.5095785440613027 0.3333333333333333 1.0 0.1378299120234604 0.5 QuantisationException QuantisationException 0.25 1.0 0.4852941176470588 0.34099616858237547 0.3524904214559387 0.4496124031007752 0.31906614785992216 0.5891472868217055 0.46303501945525294
228 0.10628019323671498 1.0 QuantisationException QuantisationException 0.009708737864077669 0.47435897435897434 0.39805825242718446 0.2766990291262136 0.75 1.0 0.0 0.5 QuantisationException QuantisationException 0.375 1.0 0.3538961038961039 0.1796116504854369 0.3106796116504854 0.3842364532019704 0.297029702970297 0.6600985221674877 0.5495049504950495
74 0.2318840579710145 1.0 QuantisationException QuantisationException 0.007352941176470588 0.5299145299145299 0.5588235294117647 0.5882352941176471 0.3333333333333333 1.0 0.21551724137930975 0.0 QuantisationException QuantisationException 0.3125 0.75 0.15584415584415584 0.5294117647058824 0.4264705882352941 0.4 0.3125 0.27692307692307694 0.15625
37 0.35714285714285715 0.875 QuantisationException QuantisationException 0.09259259259259259 0.5362318840579711 0.4444444444444444 0.6666666666666666 0.6666666666666666 0.3333333333333333 0.22613636363636297 0.0 QuantisationException QuantisationException 0.3125 0.5 0.0547945205479452 0.5185185185185185 0.18518518518518517 0.16666666666666666 0.08695652173913043 0.125 0.0
1 1.0 NoteListException QuantisationException QuantisationException NaN 0.5 NaN NoteListException 0.0 1.0 0.0 0.5 QuantisationException QuantisationException 0.0 NoteListException 0.0 NoteListException NoteListException NoteListException NoteListException NoteListException NoteListException
896 0.04936854190585534 1.0 QuantisationException QuantisationException 0.15402298850574714 0.5005442388431037 0.49310344827586206 0.10574712643678161 0.7622950819672131 1.0 0.4303337843933268 0.5 QuantisationException QuantisationException 0.1875 1.0 0.16847826086956522 0.07586206896551724 0.8885057471264368 0.6424452133794695 0.5623556581986143 0.9331026528258363 0.9064665127020786
190 0.16326530612244897 1.0 QuantisationException QuantisationException 0.0136986301369863 0.5172413793103449 0.4520547945205479 0.4520547945205479 0.0 0.14285714285714285 0.6247569669475137 0.5 QuantisationException QuantisationException 0.6875 1.0 0.2109375 0.2945205479452055 0.4657534246575342 0.5034965034965035 0.4295774647887324 0.8601398601398601 0.7605633802816901
76 0.21739130434782608 1.0 QuantisationException QuantisationException 0.15555555555555556 0.5185185185185185 0.4222222222222222 0.35555555555555557 1.0 0.07142857142857142 0.4947882736156435 0.5 QuantisationException QuantisationException 0.625 1.0 0.07874015748031496 0.6 0.2222222222222222 0.5 0.4146341463414634 0.9047619047619048 0.8048780487804879
1 1.0 NoteListException QuantisationException QuantisationException NaN 0.5 NaN NoteListException 0.0 1.0 0.0 0.5 QuantisationException QuantisationException 0.0 NoteListException 0.0 NoteListException NoteListException NoteListException NoteListException NoteListException NoteListException
1 1.0 NoteListException QuantisationException QuantisationException NaN 0.5 NaN NoteListException 0.0 1.0 0.0 0.5 QuantisationException QuantisationException 0.0 NoteListException 0.0 NoteListException NoteListException NoteListException NoteListException NoteListException NoteListException
