1969 0.029561671763506627 1.0 QuantisationException QuantisationException 0.16343702192758797 0.5012498922506681 0.11014788373278939 0.057623661397246305 0.32892249527410206 0.1 0.8918013476200464 0.5 QuantisationException QuantisationException 0.375 1.0 0.0546875 0.012748597654258032 0.9082100968893422 0.7589376915219612 0.6801226366888095 0.923391215526047 0.9085334695963209
74 0.41509433962264153 1.0 QuantisationException QuantisationException 0.0673076923076923 0.5299145299145299 0.3269230769230769 0.3076923076923077 0.7692307692307693 0.5 0.6172303271440935 1.0 QuantisationException QuantisationException 1.0625 1.0 0.05319148936170213 0.21153846153846154 0.23076923076923078 0.10204081632653061 0.0625 0.22448979591836735 0.16666666666666666
50 0.46511627906976744 1.0 QuantisationException QuantisationException 0.11904761904761904 0.5888888888888889 0.38095238095238093 0.3333333333333333 0.7142857142857143 1.0 0.9980108519079246 1.0 QuantisationException QuantisationException 0.375 1.0 0.047872340425531915 0.16666666666666666 0.2857142857142857 0.02564102564102564 0.0 0.23076923076923078 0.15789473684210525
18 0.5384615384615384 1.0 QuantisationException QuantisationException 0.16666666666666666 0.8387096774193549 0.6666666666666666 0.4166666666666667 0.0 1.0 0.9786851874027076 1.0 QuantisationException QuantisationException 0.3125 1.0 0.15151515151515152 0.4166666666666667 0.25 0.2222222222222222 0.125 0.0 0.0
8 1.0 1.0 QuantisationException QuantisationException 0.16666666666666666 0.3157894736842105 0.6666666666666666 0.3333333333333333 0.0 1.0 0.0 0.5 QuantisationException QuantisationException 0.0625 1.0 0.030303030303030304 0.0 0.0 0.0 0.0 0.0 0.0
5 1.0 NoteListException QuantisationException QuantisationException 1.0 1.0 0.5 0.0 0.0 1.0 0.16132135984605792 0.0 QuantisationException QuantisationException 0.125 0.9891493055555556 0.2 0.0 0.0 NoteListException NoteListException NoteListException NoteListException
743 0.07613469985358712 1.0 QuantisationException QuantisationException 0.24853372434017595 0.5036723792566214 0.25513196480938416 0.17155425219941348 0.6227544910179641 1.0 0.8899698161933057 0.5 QuantisationException QuantisationException 1.125 1.0 0.2978723404255319 0.10117302052785923 0.5425219941348973 0.561119293078056 0.5014749262536873 0.6730486008836525 0.5929203539823009
377 0.13427561837455831 1.0 QuantisationException QuantisationException 0.1595744680851064 0.4954954954954955 0.41843971631205673 0.28368794326241137 0.7654320987654321 1.0 0.6210031702898487 1.0 QuantisationException QuantisationException 3.0 1.0 0.22343324250681199 0.18439716312056736 0.2624113475177305 0.3225806451612903 0.27697841726618705 0.5017921146953405 0.38848920863309355
136 0.24752475247524752 1.0 QuantisationException QuantisationException 0.09 0.5200764818355641 0.46 0.21 0.2857142857142857 1.0 0.9983688911291464 1.0 QuantisationException QuantisationException 1.6875 1.0 0.09016393442622951 0.08 0.27 0.30927835051546393 0.25 0.25773195876288657 0.19791666666666666
24 0.9230769230769231 1.0 QuantisationException QuantisationException 0.5416666666666666 0.39285714285714285 0.25 0.08333333333333333 0.75 1.0 0.8309037900874581 0.0 QuantisationException QuantisationException 0.6875 0.875 0.029239766081871343 0.0 0.0 0.0 0.0 0.0 0.0
17 1.0 NoteListException QuantisationException QuantisationException 0.25 1.0 0.875 0.0 1.0 1.0 0.8858505564387897 1.0 QuantisationException QuantisationException 0.4375 0.0625 0.0 0.0 0.0 0.2 0.0 0.0 0.0
