0 0 0.6125574272588056
0 1 3.9816232771822357
0 10 3.6753445635528332
0 11 0.1531393568147014
0 3 1.6845329249617151
0 5 0.6125574272588056
0 6 0.45941807044410415
0 7 0.45941807044410415
0 8 2.756508422664625
1 0 3.9816232771822357
1 10 1.8376722817764166
1 3 2.6033690658499236
1 4 0.45941807044410415
1 5 1.2251148545176112
1 7 2.756508422664625
10 0 3.9816232771822357
10 1 1.9908116385911179
10 10 7.197549770290965
10 11 0.1531393568147014
10 3 0.45941807044410415
10 5 1.9908116385911179
10 6 0.45941807044410415
10 8 3.0627871362940278
10 9 0.3062787136294028
11 10 0.3062787136294028
11 5 0.45941807044410415
2 1 0.3062787136294028
2 3 0.6125574272588056
2 5 0.3062787136294028
2 8 0.6125574272588056
3 0 0.7656967840735069
3 1 2.909647779479326
3 10 0.3062787136294028
3 2 0.9188361408882083
3 4 0.1531393568147014
3 5 2.6033690658499236
3 6 0.3062787136294028
3 7 1.2251148545176112
3 8 0.45941807044410415
4 1 0.6125574272588056
4 3 0.1531393568147014
4 5 0.1531393568147014
5 0 0.9188361408882083
5 1 0.7656967840735069
5 10 1.3782542113323124
5 11 0.45941807044410415
5 2 0.3062787136294028
5 3 2.1439509954058193
5 4 0.3062787136294028
5 5 2.2970903522205206
5 6 1.2251148545176112
5 7 2.909647779479326
5 8 1.6845329249617151
6 0 0.3062787136294028
6 10 0.3062787136294028
6 3 0.1531393568147014
6 5 1.0719754977029097
6 8 0.9188361408882083
7 0 0.6125574272588056
7 1 2.1439509954058193
7 10 1.3782542113323124
7 3 1.5313935681470139
7 5 1.9908116385911179
7 6 0.1531393568147014
7 7 0.1531393568147014
7 8 2.4502297090352223
8 0 3.215926493108729
8 1 0.1531393568147014
8 10 2.909647779479326
8 2 0.6125574272588056
8 3 0.3062787136294028
8 5 1.6845329249617151
8 6 0.1531393568147014
8 7 2.909647779479326
9 10 0.1531393568147014
9 8 0.1531393568147014
9 9 0.1531393568147014
