653
0 0 4
0 1 26
0 10 24
0 11 1
0 3 11
0 5 4
0 6 3
0 7 3
0 8 18
1 0 26
1 10 12
1 3 17
1 4 3
1 5 8
1 7 18
10 0 26
10 1 13
10 10 47
10 11 1
10 3 3
10 5 13
10 6 3
10 8 20
10 9 2
11 10 2
11 5 3
2 1 2
2 3 4
2 5 2
2 8 4
3 0 5
3 1 19
3 10 2
3 2 6
3 4 1
3 5 17
3 6 2
3 7 8
3 8 3
4 1 4
4 3 1
4 5 1
5 0 6
5 1 5
5 10 9
5 11 3
5 2 2
5 3 14
5 4 2
5 5 15
5 6 8
5 7 19
5 8 11
6 0 2
6 10 2
6 3 1
6 5 7
6 8 6
7 0 4
7 1 14
7 10 9
7 3 10
7 5 13
7 6 1
7 7 1
7 8 16
8 0 21
8 1 1
8 10 19
8 2 4
8 3 2
8 5 11
8 6 1
8 7 19
9 10 1
9 8 1
9 9 1
653
0.25 0.25 647
0.25 0.5 1
0.25 0.75 1
0.25 4.0 2
0.5 0.25 1
0.75 0.25 1
