601530
0 0 0 5526
0 0 1 1409
0 0 10 1152
0 0 11 47
0 0 2 344
0 0 3 458
0 0 4 33
0 0 5 723
0 0 6 66
0 0 7 626
0 0 8 594
0 0 9 67
0 1 0 5739
0 1 1 678
0 1 10 892
0 1 11 85
0 1 2 96
0 1 3 7535
0 1 4 152
0 1 5 678
0 1 6 78
0 1 7 157
0 1 8 511
0 1 9 54
0 10 0 3757
0 10 1 1610
0 10 10 965
0 10 11 27
0 10 2 298
0 10 3 263
0 10 4 164
0 10 5 815
0 10 6 134
0 10 7 554
0 10 8 5674
0 10 9 538
0 11 0 51
0 11 1 18
0 11 10 98
0 11 11 33
0 11 2 26
0 11 3 14
0 11 4 9
0 11 5 9
0 11 6 7
0 11 7 18
0 11 8 14
0 11 9 37
0 2 0 893
0 2 1 13
0 2 10 147
0 2 11 13
0 2 2 219
0 2 3 1906
0 2 4 259
0 2 5 136
0 2 6 5
0 2 7 68
0 2 8 39
0 2 9 45
0 3 0 798
0 3 1 1271
0 3 10 780
0 3 11 20
0 3 2 293
0 3 3 508
0 3 4 223
0 3 5 828
0 3 6 352
0 3 7 530
0 3 8 429
0 3 9 93
0 4 0 56
0 4 1 20
0 4 10 31
0 4 11 6
0 4 2 43
0 4 3 175
0 4 4 25
0 4 5 73
0 4 6 10
0 4 7 48
0 4 8 14
0 4 9 15
0 5 0 805
0 5 1 214
0 5 10 205
0 5 11 4
0 5 2 96
0 5 3 557
0 5 4 41
0 5 5 852
0 5 6 167
0 5 7 505
0 5 8 867
0 5 9 55
0 6 0 100
0 6 1 89
0 6 10 66
0 6 2 13
0 6 3 219
0 6 4 12
0 6 5 204
0 6 6 77
0 6 7 6
0 6 8 117
0 6 9 20
0 7 0 372
0 7 1 138
0 7 10 438
0 7 11 11
0 7 2 121
0 7 3 578
0 7 4 48
0 7 5 698
0 7 6 11
0 7 7 495
0 7 8 811
0 7 9 105
0 8 0 738
0 8 1 153
0 8 10 1211
0 8 11 12
0 8 2 24
0 8 3 1063
0 8 4 87
0 8 5 1044
0 8 6 197
0 8 7 564
0 8 8 353
0 8 9 40
0 9 0 91
0 9 1 34
0 9 10 371
0 9 11 24
0 9 2 29
0 9 3 53
0 9 4 29
0 9 5 77
0 9 6 69
0 9 7 63
0 9 8 58
0 9 9 29
1 0 0 1128
1 0 1 3776
1 0 10 5516
1 0 11 83
1 0 2 84
1 0 3 2231
1 0 4 122
1 0 5 751
1 0 6 237
1 0 7 382
1 0 8 1113
1 0 9 140
1 1 0 687
1 1 1 1838
1 1 10 264
1 1 11 334
1 1 2 179
1 1 3 1110
1 1 4 140
1 1 5 331
1 1 6 149
1 1 7 44
1 1 8 797
1 1 9 101
1 10 0 894
1 10 1 589
1 10 10 317
1 10 11 531
1 10 2 22
1 10 3 171
1 10 4 203
1 10 5 1042
1 10 6 193
1 10 7 477
1 10 8 580
1 10 9 23
1 11 0 11
1 11 1 693
1 11 10 1900
1 11 11 233
1 11 2 161
1 11 3 583
1 11 4 36
1 11 5 46
1 11 6 224
1 11 7 28
1 11 8 261
1 11 9 565
1 2 0 3
1 2 1 633
1 2 10 13
1 2 11 125
1 2 2 61
1 2 3 54
1 2 4 91
1 2 5 30
1 2 6 100
1 2 7 6
1 2 8 16
1 2 9 9
1 3 0 679
1 3 1 3913
1 3 10 640
1 3 11 192
1 3 2 32
1 3 3 1124
1 3 4 2484
1 3 5 5687
1 3 6 335
1 3 7 146
1 3 8 535
1 3 9 73
1 4 0 27
1 4 1 293
1 4 10 71
1 4 11 69
1 4 2 32
1 4 3 684
1 4 4 120
1 4 5 29
1 4 6 136
1 4 7 55
1 4 8 553
1 4 9 9
1 5 0 741
1 5 1 597
1 5 10 494
1 5 11 71
1 5 2 32
1 5 3 887
1 5 4 22
1 5 5 531
1 5 6 478
1 5 7 239
1 5 8 539
1 5 9 25
1 6 0 18
1 6 1 293
1 6 10 90
1 6 11 43
1 6 2 9
1 6 3 104
1 6 4 114
1 6 5 307
1 6 6 149
1 6 7 9
1 6 8 220
1 6 9 75
1 7 0 67
1 7 1 67
1 7 10 96
1 7 11 9
1 7 2 6
1 7 3 33
1 7 4 16
1 7 5 82
1 7 6 17
1 7 7 44
1 7 8 286
1 7 9 17
1 8 0 413
1 8 1 578
1 8 10 888
1 8 11 221
1 8 2 35
1 8 3 631
1 8 4 413
1 8 5 484
1 8 6 632
1 8 7 234
1 8 8 1009
1 8 9 269
1 9 0 26
1 9 1 163
1 9 10 24
1 9 11 38
1 9 2 1
1 9 3 14
1 9 4 31
1 9 5 23
1 9 6 178
1 9 7 11
1 9 8 310
1 9 9 35
10 0 0 1265
10 0 1 7381
10 0 10 4197
10 0 11 28
10 0 2 1413
10 0 3 681
10 0 4 71
10 0 5 641
10 0 6 77
10 0 7 491
10 0 8 797
10 0 9 117
10 1 0 1413
10 1 1 379
10 1 10 793
10 1 11 420
10 1 2 87
10 1 3 913
10 1 4 329
10 1 5 916
10 1 6 145
10 1 7 123
10 1 8 696
10 1 9 20
10 10 0 1282
10 10 1 488
10 10 10 5006
10 10 11 675
10 10 2 82
10 10 3 600
10 10 4 81
10 10 5 954
10 10 6 325
10 10 7 256
10 10 8 1151
10 10 9 97
10 11 0 87
10 11 1 1903
10 11 10 2803
10 11 11 417
10 11 2 109
10 11 3 401
10 11 4 25
10 11 5 77
10 11 6 158
10 11 7 43
10 11 8 483
10 11 9 21
10 2 0 202
10 2 1 34
10 2 10 139
10 2 11 26
10 2 2 61
10 2 3 282
10 2 4 31
10 2 5 189
10 2 6 15
10 2 7 67
10 2 8 50
10 2 9 74
10 3 0 223
10 3 1 477
10 3 10 809
10 3 11 123
10 3 2 193
10 3 3 800
10 3 4 134
10 3 5 425
10 3 6 347
10 3 7 277
10 3 8 218
10 3 9 25
10 4 0 32
10 4 1 164
10 4 10 117
10 4 11 24
10 4 2 11
10 4 3 315
10 4 4 82
10 4 5 46
10 4 6 34
10 4 7 51
10 4 8 106
10 4 9 7
10 5 0 656
10 5 1 945
10 5 10 656
10 5 11 93
10 5 2 219
10 5 3 929
10 5 4 42
10 5 5 1213
10 5 6 532
10 5 7 664
10 5 8 620
10 5 9 63
10 6 0 36
10 6 1 213
10 6 10 295
10 6 11 30
10 6 2 24
10 6 3 535
10 6 4 38
10 6 5 637
10 6 6 220
10 6 7 9
10 6 8 470
10 6 9 7
10 7 0 138
10 7 1 316
10 7 10 450
10 7 11 52
10 7 2 124
10 7 3 492
10 7 4 120
10 7 5 359
10 7 6 16
10 7 7 204
10 7 8 1358
10 7 9 150
10 8 0 2124
10 8 1 376
10 8 10 4303
10 8 11 734
10 8 2 94
10 8 3 1077
10 8 4 150
10 8 5 927
10 8 6 2626
10 8 7 5146
10 8 8 1472
10 8 9 40
10 9 0 290
10 9 1 61
10 9 10 455
10 9 11 25
10 9 2 69
10 9 3 36
10 9 4 38
10 9 5 141
10 9 6 36
10 9 7 360
10 9 8 93
10 9 9 95
11 0 0 47
11 0 1 73
11 0 10 13
11 0 11 59
11 0 2 84
11 0 3 13
11 0 4 16
11 0 5 8
11 0 6 4
11 0 7 19
11 0 8 10
11 0 9 18
11 1 0 32
11 1 1 382
11 1 10 257
11 1 11 1117
11 1 2 353
11 1 3 1337
11 1 4 66
11 1 5 65
11 1 6 146
11 1 7 9
11 1 8 221
11 1 9 53
11 10 0 138
11 10 1 749
11 10 10 720
11 10 11 1389
11 10 2 121
11 10 3 597
11 10 4 98
11 10 5 213
11 10 6 331
11 10 7 236
11 10 8 2488
11 10 9 59
11 11 0 30
11 11 1 247
11 11 10 398
11 11 11 386
11 11 2 32
11 11 3 151
11 11 4 27
11 11 5 23
11 11 6 120
11 11 7 16
11 11 8 114
11 11 9 32
11 2 0 31
11 2 1 180
11 2 10 15
11 2 11 93
11 2 2 34
11 2 3 100
11 2 4 26
11 2 5 38
11 2 6 87
11 2 7 3
11 2 8 15
11 2 9 13
11 3 0 12
11 3 1 265
11 3 10 514
11 3 11 293
11 3 2 45
11 3 3 340
11 3 4 119
11 3 5 176
11 3 6 164
11 3 7 43
11 3 8 192
11 3 9 15
11 4 0 2
11 4 1 19
11 4 10 7
11 4 11 35
11 4 2 5
11 4 3 43
11 4 4 17
11 4 5 16
11 4 6 20
11 4 7 2
11 4 8 12
11 4 9 1
11 5 0 14
11 5 1 16
11 5 10 30
11 5 11 37
11 5 2 26
11 5 3 45
11 5 4 9
11 5 5 37
11 5 6 70
11 5 7 62
11 5 8 80
11 5 9 3
11 6 0 5
11 6 1 158
11 6 10 104
11 6 11 83
11 6 2 55
11 6 3 72
11 6 4 96
11 6 5 64
11 6 6 173
11 6 7 23
11 6 8 258
11 6 9 26
11 7 0 3
11 7 1 10
11 7 10 30
11 7 11 35
11 7 2 9
11 7 3 10
11 7 4 6
11 7 5 16
11 7 6 25
11 7 7 17
11 7 8 48
11 7 9 5
11 8 0 15
11 8 1 44
11 8 10 347
11 8 11 213
11 8 2 42
11 8 3 473
11 8 4 18
11 8 5 325
11 8 6 134
11 8 7 56
11 8 8 117
11 8 9 77
11 9 0 20
11 9 1 166
11 9 10 6
11 9 11 96
11 9 2 6
11 9 3 19
11 9 4 22
11 9 5 23
11 9 6 49
11 9 7 18
11 9 8 637
11 9 9 26
2 0 0 236
2 0 1 15
2 0 10 634
2 0 11 40
2 0 2 886
2 0 3 314
2 0 4 59
2 0 5 95
2 0 6 32
2 0 7 229
2 0 8 79
2 0 9 124
2 1 0 53
2 1 1 183
2 1 10 114
2 1 11 449
2 1 2 148
2 1 3 72
2 1 4 53
2 1 5 56
2 1 6 146
2 1 7 19
2 1 8 85
2 1 9 24
2 10 0 172
2 10 1 17
2 10 10 54
2 10 11 55
2 10 2 121
2 10 3 66
2 10 4 18
2 10 5 198
2 10 6 17
2 10 7 126
2 10 8 94
2 10 9 69
2 11 0 36
2 11 1 119
2 11 10 95
2 11 11 27
2 11 2 67
2 11 3 23
2 11 4 3
2 11 5 13
2 11 6 94
2 11 7 5
2 11 8 97
2 11 9 4
2 2 0 139
2 2 1 61
2 2 10 36
2 2 11 18
2 2 2 346
2 2 3 329
2 2 4 60
2 2 5 82
2 2 6 18
2 2 7 49
2 2 8 52
2 2 9 19
2 3 0 229
2 3 1 59
2 3 10 213
2 3 11 50
2 3 2 1786
2 3 3 341
2 3 4 94
2 3 5 2656
2 3 6 41
2 3 7 184
2 3 8 80
2 3 9 4
2 4 0 41
2 4 1 5
2 4 10 16
2 4 11 11
2 4 2 268
2 4 3 39
2 4 4 34
2 4 5 302
2 4 6 70
2 4 7 30
2 4 8 10
2 4 9 20
2 5 0 215
2 5 1 7
2 5 10 83
2 5 11 63
2 5 2 199
2 5 3 489
2 5 4 70
2 5 5 97
2 5 6 83
2 5 7 207
2 5 8 219
2 5 9 61
2 6 0 4
2 6 1 126
2 6 10 29
2 6 11 22
2 6 2 35
2 6 3 11
2 6 4 24
2 6 5 62
2 6 6 45
2 6 7 6
2 6 8 37
2 6 9 7
2 7 0 24
2 7 1 6
2 7 10 49
2 7 11 2
2 7 2 113
2 7 3 49
2 7 4 20
2 7 5 102
2 7 6 2
2 7 7 70
2 7 8 70
2 7 9 24
2 8 0 40
2 8 1 6
2 8 10 47
2 8 11 10
2 8 2 56
2 8 3 74
2 8 4 2
2 8 5 73
2 8 6 25
2 8 7 99
2 8 8 35
2 8 9 6
2 9 0 47
2 9 1 2
2 9 10 92
2 9 11 17
2 9 2 60
2 9 3 20
2 9 4 28
2 9 5 59
2 9 6 9
2 9 7 69
2 9 8 12
2 9 9 49
3 0 0 298
3 0 1 1400
3 0 10 611
3 0 11 10
3 0 2 251
3 0 3 587
3 0 4 27
3 0 5 186
3 0 6 236
3 0 7 548
3 0 8 802
3 0 9 138
3 1 0 5805
3 1 1 1088
3 1 10 764
3 1 11 1597
3 1 2 28
3 1 3 2780
3 1 4 652
3 1 5 1536
3 1 6 221
3 1 7 124
3 1 8 922
3 1 9 104
3 10 0 992
3 10 1 560
3 10 10 1329
3 10 11 524
3 10 2 127
3 10 3 929
3 10 4 119
3 10 5 675
3 10 6 577
3 10 7 505
3 10 8 1162
3 10 9 77
3 11 0 6
3 11 1 217
3 11 10 564
3 11 11 95
3 11 2 30
3 11 3 274
3 11 4 10
3 11 5 15
3 11 6 104
3 11 7 18
3 11 8 385
3 11 9 27
3 2 0 998
3 2 1 73
3 2 10 287
3 2 11 76
3 2 2 241
3 2 3 1861
3 2 4 34
3 2 5 800
3 2 6 29
3 2 7 119
3 2 8 123
3 2 9 46
3 3 0 393
3 3 1 1252
3 3 10 1280
3 3 11 227
3 3 2 245
3 3 3 4708
3 3 4 626
3 3 5 1472
3 3 6 411
3 3 7 242
3 3 8 552
3 3 9 55
3 4 0 62
3 4 1 526
3 4 10 93
3 4 11 50
3 4 2 13
3 4 3 2923
3 4 4 265
3 4 5 62
3 4 6 1323
3 4 7 133
3 4 8 406
3 4 9 16
3 5 0 750
3 5 1 563
3 5 10 525
3 5 11 98
3 5 2 268
3 5 3 3932
3 5 4 27
3 5 5 1233
3 5 6 4370
3 5 7 5077
3 5 8 808
3 5 9 59
3 6 0 90
3 6 1 334
3 6 10 585
3 6 11 65
3 6 2 28
3 6 3 408
3 6 4 275
3 6 5 985
3 6 6 324
3 6 7 29
3 6 8 449
3 6 9 158
3 7 0 263
3 7 1 139
3 7 10 760
3 7 11 30
3 7 2 160
3 7 3 495
3 7 4 54
3 7 5 742
3 7 6 18
3 7 7 277
3 7 8 749
3 7 9 25
3 8 0 401
3 8 1 197
3 8 10 595
3 8 11 220
3 8 2 23
3 8 3 917
3 8 4 160
3 8 5 228
3 8 6 354
3 8 7 501
3 8 8 509
3 8 9 75
3 9 0 44
3 9 1 55
3 9 10 81
3 9 11 26
3 9 2 10
3 9 3 58
3 9 4 13
3 9 5 14
3 9 6 86
3 9 7 12
3 9 8 201
3 9 9 40
4 0 0 29
4 0 1 65
4 0 10 42
4 0 11 10
4 0 2 48
4 0 3 27
4 0 4 54
4 0 5 11
4 0 6 8
4 0 7 51
4 0 8 35
4 0 9 30
4 1 0 123
4 1 1 114
4 1 10 330
4 1 11 68
4 1 2 24
4 1 3 343
4 1 4 267
4 1 5 10
4 1 6 13
4 1 7 29
4 1 8 520
4 1 9 26
4 10 0 123
4 10 1 65
4 10 10 39
4 10 11 19
4 10 2 6
4 10 3 34
4 10 4 46
4 10 5 21
4 10 6 18
4 10 7 51
4 10 8 75
4 10 9 18
4 11 0 17
4 11 1 94
4 11 10 27
4 11 11 52
4 11 2 21
4 11 3 39
4 11 4 20
4 11 5 8
4 11 6 31
4 11 7 16
4 11 8 29
4 11 9 23
4 2 0 78
4 2 1 148
4 2 10 30
4 2 11 37
4 2 2 33
4 2 3 8
4 2 4 183
4 2 5 81
4 2 6 42
4 2 7 23
4 2 8 5
4 2 9 52
4 3 0 431
4 3 1 2276
4 3 10 300
4 3 11 171
4 3 2 45
4 3 3 718
4 3 4 1211
4 3 5 207
4 3 6 351
4 3 7 271
4 3 8 666
4 3 9 78
4 4 0 12
4 4 1 115
4 4 10 20
4 4 11 40
4 4 2 22
4 4 3 317
4 4 4 296
4 4 5 68
4 4 6 128
4 4 7 30
4 4 8 86
4 4 9 18
4 5 0 51
4 5 1 15
4 5 10 25
4 5 11 3
4 5 2 71
4 5 3 32
4 5 4 250
4 5 5 79
4 5 6 71
4 5 7 438
4 5 8 10
4 5 9 50
4 6 0 1
4 6 1 125
4 6 10 39
4 6 11 39
4 6 2 10
4 6 3 128
4 6 4 642
4 6 5 24
4 6 6 126
4 6 7 76
4 6 8 1023
4 6 9 24
4 7 0 14
4 7 1 13
4 7 10 71
4 7 11 17
4 7 2 40
4 7 3 15
4 7 4 82
4 7 5 114
4 7 6 45
4 7 7 38
4 7 8 197
4 7 9 38
4 8 0 67
4 8 1 165
4 8 10 165
4 8 11 48
4 8 2 3
4 8 3 531
4 8 4 228
4 8 5 21
4 8 6 210
4 8 7 110
4 8 8 230
4 8 9 53
4 9 0 6
4 9 1 6
4 9 10 20
4 9 11 18
4 9 2 12
4 9 3 3
4 9 4 17
4 9 5 29
4 9 6 6
4 9 7 28
4 9 8 31
4 9 9 26
5 0 0 1417
5 0 1 996
5 0 10 921
5 0 11 16
5 0 2 323
5 0 3 515
5 0 4 47
5 0 5 873
5 0 6 101
5 0 7 456
5 0 8 1143
5 0 9 104
5 1 0 809
5 1 1 217
5 1 10 919
5 1 11 105
5 1 2 24
5 1 3 682
5 1 4 20
5 1 5 496
5 1 6 80
5 1 7 49
5 1 8 555
5 1 9 46
5 10 0 494
5 10 1 543
5 10 10 460
5 10 11 107
5 10 2 84
5 10 3 128
5 10 4 9
5 10 5 841
5 10 6 142
5 10 7 207
5 10 8 551
5 10 9 93
5 11 0 17
5 11 1 36
5 11 10 206
5 11 11 65
5 11 2 39
5 11 3 70
5 11 4 6
5 11 5 120
5 11 6 54
5 11 7 21
5 11 8 165
5 11 9 14
5 2 0 154
5 2 1 27
5 2 10 147
5 2 11 84
5 2 2 86
5 2 3 704
5 2 4 80
5 2 5 206
5 2 6 31
5 2 7 63
5 2 8 94
5 2 9 87
5 3 0 643
5 3 1 4561
5 3 10 928
5 3 11 155
5 3 2 1614
5 3 3 1051
5 3 4 53
5 3 5 3854
5 3 6 1004
5 3 7 1119
5 3 8 329
5 3 9 97
5 4 0 72
5 4 1 37
5 4 10 26
5 4 11 14
5 4 2 139
5 4 3 92
5 4 4 72
5 4 5 268
5 4 6 10
5 4 7 131
5 4 8 18
5 4 9 31
5 5 0 1286
5 5 1 407
5 5 10 424
5 5 11 52
5 5 2 102
5 5 3 1261
5 5 4 99
5 5 5 5467
5 5 6 880
5 5 7 1015
5 5 8 734
5 5 9 57
5 6 0 87
5 6 1 360
5 6 10 420
5 6 11 45
5 6 2 46
5 6 3 544
5 6 4 63
5 6 5 3563
5 6 6 537
5 6 7 85
5 6 8 3928
5 6 9 79
5 7 0 330
5 7 1 106
5 7 10 452
5 7 11 54
5 7 2 154
5 7 3 566
5 7 4 92
5 7 5 2824
5 7 6 23
5 7 7 597
5 7 8 6388
5 7 9 573
5 8 0 1211
5 8 1 250
5 8 10 903
5 8 11 327
5 8 2 115
5 8 3 706
5 8 4 23
5 8 5 804
5 8 6 869
5 8 7 1150
5 8 8 572
5 8 9 104
5 9 0 94
5 9 1 15
5 9 10 113
5 9 11 16
5 9 2 31
5 9 3 22
5 9 4 44
5 9 5 100
5 9 6 17
5 9 7 135
5 9 8 98
5 9 9 43
6 0 0 23
6 0 1 172
6 0 10 48
6 0 11 1
6 0 2 8
6 0 3 100
6 0 4 5
6 0 5 23
6 0 6 40
6 0 7 5
6 0 8 22
6 0 9 10
6 1 0 73
6 1 1 478
6 1 10 207
6 1 11 260
6 1 2 140
6 1 3 466
6 1 4 110
6 1 5 219
6 1 6 297
6 1 7 21
6 1 8 348
6 1 9 153
6 10 0 161
6 10 1 270
6 10 10 409
6 10 11 286
6 10 2 23
6 10 3 288
6 10 4 34
6 10 5 532
6 10 6 358
6 10 7 26
6 10 8 513
6 10 9 14
6 11 0 3
6 11 1 73
6 11 10 115
6 11 11 54
6 11 2 26
6 11 3 41
6 11 4 11
6 11 5 13
6 11 6 113
6 11 7 3
6 11 8 41
6 11 9 16
6 2 0 13
6 2 1 136
6 2 10 14
6 2 11 41
6 2 2 12
6 2 3 22
6 2 4 6
6 2 5 7
6 2 6 47
6 2 7 4
6 2 8 6
6 2 9 9
6 3 0 365
6 3 1 285
6 3 10 647
6 3 11 63
6 3 2 32
6 3 3 285
6 3 4 181
6 3 5 581
6 3 6 324
6 3 7 23
6 3 8 136
6 3 9 105
6 4 0 23
6 4 1 183
6 4 10 24
6 4 11 61
6 4 2 133
6 4 3 1432
6 4 4 92
6 4 5 12
6 4 6 321
6 4 7 55
6 4 8 378
6 4 9 20
6 5 0 285
6 5 1 651
6 5 10 676
6 5 11 120
6 5 2 101
6 5 3 3520
6 5 4 45
6 5 5 799
6 5 6 2157
6 5 7 133
6 5 8 1330
6 5 9 90
6 6 0 21
6 6 1 375
6 6 10 255
6 6 11 59
6 6 2 30
6 6 3 288
6 6 4 135
6 6 5 469
6 6 6 963
6 6 7 37
6 6 8 656
6 6 9 39
6 7 0 2
6 7 1 8
6 7 10 3
6 7 11 18
6 7 2 1
6 7 3 15
6 7 4 18
6 7 5 3
6 7 6 136
6 7 7 36
6 7 8 92
6 7 9 18
6 8 0 108
6 8 1 334
6 8 10 2968
6 8 11 158
6 8 2 32
6 8 3 457
6 8 4 138
6 8 5 388
6 8 6 2243
6 8 7 30
6 8 8 802
6 8 9 1176
6 9 0 21
6 9 1 256
6 9 10 29
6 9 11 26
6 9 2 1
6 9 3 34
6 9 4 15
6 9 5 16
6 9 6 93
6 9 7 7
6 9 8 335
6 9 9 55
7 0 0 320
7 0 1 226
7 0 10 317
7 0 11 3
7 0 2 130
7 0 3 237
7 0 4 22
7 0 5 126
7 0 6 13
7 0 7 299
7 0 8 128
7 0 9 39
7 1 0 296
7 1 1 100
7 1 10 268
7 1 11 11
7 1 2 12
7 1 3 118
7 1 4 17
7 1 5 127
7 1 6 6
7 1 7 115
7 1 8 167
7 1 9 8
7 10 0 573
7 10 1 602
7 10 10 294
7 10 11 149
7 10 2 136
7 10 3 322
7 10 4 110
7 10 5 596
7 10 6 13
7 10 7 501
7 10 8 1316
7 10 9 143
7 11 0 16
7 11 1 18
7 11 10 146
7 11 11 18
7 11 2 16
7 11 3 23
7 11 4 4
7 11 5 20
7 11 6 35
7 11 7 28
7 11 8 16
7 11 9 6
7 2 0 154
7 2 1 9
7 2 10 128
7 2 11 11
7 2 2 88
7 2 3 252
7 2 4 49
7 2 5 121
7 2 6 4
7 2 7 101
7 2 8 43
7 2 9 52
7 3 0 474
7 3 1 216
7 3 10 626
7 3 11 57
7 3 2 228
7 3 3 167
7 3 4 111
7 3 5 688
7 3 6 20
7 3 7 492
7 3 8 162
7 3 9 14
7 4 0 31
7 4 1 84
7 4 10 44
7 4 11 17
7 4 2 24
7 4 3 87
7 4 4 31
7 4 5 157
7 4 6 44
7 4 7 90
7 4 8 39
7 4 9 15
7 5 0 818
7 5 1 181
7 5 10 292
7 5 11 58
7 5 2 333
7 5 3 3063
7 5 4 242
7 5 5 1051
7 5 6 58
7 5 7 2835
7 5 8 1198
7 5 9 138
7 6 0 6
7 6 1 14
7 6 10 28
7 6 11 33
7 6 2 6
7 6 3 38
7 6 4 50
7 6 5 64
7 6 6 62
7 6 7 51
7 6 8 43
7 6 9 12
7 7 0 216
7 7 1 117
7 7 10 249
7 7 11 23
7 7 2 92
7 7 3 227
7 7 4 28
7 7 5 515
7 7 6 29
7 7 7 1488
7 7 8 943
7 7 9 122
7 8 0 647
7 8 1 142
7 8 10 7367
7 8 11 92
7 8 2 51
7 8 3 469
7 8 4 69
7 8 5 737
7 8 6 131
7 8 7 4276
7 8 8 646
7 8 9 132
7 9 0 57
7 9 1 17
7 9 10 695
7 9 11 46
7 9 2 31
7 9 3 9
7 9 4 33
7 9 5 91
7 9 6 8
7 9 7 378
7 9 8 41
7 9 9 87
8 0 0 743
8 0 1 974
8 0 10 1170
8 0 11 11
8 0 2 109
8 0 3 902
8 0 4 39
8 0 5 869
8 0 6 87
8 0 7 632
8 0 8 731
8 0 9 30
8 1 0 469
8 1 1 364
8 1 10 214
8 1 11 195
8 1 2 39
8 1 3 399
8 1 4 234
8 1 5 209
8 1 6 80
8 1 7 37
8 1 8 645
8 1 9 104
8 10 0 7644
8 10 1 709
8 10 10 1262
8 10 11 2686
8 10 2 85
8 10 3 618
8 10 4 90
8 10 5 653
8 10 6 381
8 10 7 718
8 10 8 5463
8 10 9 20
8 11 0 14
8 11 1 239
8 11 10 777
8 11 11 163
8 11 2 102
8 11 3 551
8 11 4 17
8 11 5 73
8 11 6 164
8 11 7 10
8 11 8 222
8 11 9 63
8 2 0 19
8 2 1 92
8 2 10 16
8 2 11 58
8 2 2 11
8 2 3 196
8 2 4 9
8 2 5 62
8 2 6 33
8 2 7 16
8 2 8 31
8 2 9 4
8 3 0 772
8 3 1 978
8 3 10 836
8 3 11 387
8 3 2 141
8 3 3 1346
8 3 4 595
8 3 5 1081
8 3 6 336
8 3 7 378
8 3 8 871
8 3 9 46
8 4 0 29
8 4 1 407
8 4 10 52
8 4 11 29
8 4 2 5
8 4 3 642
8 4 4 74
8 4 5 7
8 4 6 133
8 4 7 37
8 4 8 204
8 4 9 7
8 5 0 1230
8 5 1 374
8 5 10 218
8 5 11 206
8 5 2 253
8 5 3 643
8 5 4 8
8 5 5 390
8 5 6 852
8 5 7 829
8 5 8 611
8 5 9 27
8 6 0 76
8 6 1 459
8 6 10 991
8 6 11 79
8 6 2 56
8 6 3 529
8 6 4 1268
8 6 5 3451
8 6 6 603
8 6 7 18
8 6 8 1526
8 6 9 320
8 7 0 393
8 7 1 313
8 7 10 1991
8 7 11 79
8 7 2 126
8 7 3 741
8 7 4 123
8 7 5 4499
8 7 6 70
8 7 7 722
8 7 8 3813
8 7 9 49
8 8 0 429
8 8 1 356
8 8 10 1424
8 8 11 257
8 8 2 34
8 8 3 1209
8 8 4 220
8 8 5 413
8 8 6 842
8 8 7 678
8 8 8 3599
8 8 9 369
8 9 0 54
8 9 1 294
8 9 10 64
8 9 11 517
8 9 3 86
8 9 4 32
8 9 5 37
8 9 6 208
8 9 7 7
8 9 8 1402
8 9 9 112
9 0 0 37
9 0 1 138
9 0 10 147
9 0 11 25
9 0 2 61
9 0 3 69
9 0 4 20
9 0 5 49
9 0 6 21
9 0 7 97
9 0 8 6
9 0 9 103
9 1 0 100
9 1 1 156
9 1 10 20
9 1 11 95
9 1 2 10
9 1 3 93
9 1 4 31
9 1 5 28
9 1 6 63
9 1 7 10
9 1 8 345
9 1 9 160
9 10 0 951
9 10 1 30
9 10 10 130
9 10 11 64
9 10 2 64
9 10 3 23
9 10 4 16
9 10 5 106
9 10 6 19
9 10 7 118
9 10 8 26
9 10 9 553
9 11 0 75
9 11 1 380
9 11 10 30
9 11 11 27
9 11 2 6
9 11 3 14
9 11 4 10
9 11 5 9
9 11 6 15
9 11 7 4
9 11 8 34
9 11 9 280
9 2 0 61
9 2 1 4
9 2 10 35
9 2 11 4
9 2 2 13
9 2 3 29
9 2 4 17
9 2 5 38
9 2 6 2
9 2 7 13
9 2 8 1
9 2 9 57
9 3 0 48
9 3 1 50
9 3 10 23
9 3 11 4
9 3 2 28
9 3 3 43
9 3 4 37
9 3 5 47
9 3 6 41
9 3 7 6
9 3 8 8
9 3 9 35
9 4 0 26
9 4 1 7
9 4 10 13
9 4 11 22
9 4 2 30
9 4 3 14
9 4 4 43
9 4 5 59
9 4 6 30
9 4 7 23
9 4 8 9
9 4 9 43
9 5 0 108
9 5 1 24
9 5 10 23
9 5 11 8
9 5 2 57
9 5 3 33
9 5 4 56
9 5 5 35
9 5 6 42
9 5 7 142
9 5 8 22
9 5 9 99
9 6 0 12
9 6 1 230
9 6 10 16
9 6 11 5
9 6 2 2
9 6 3 158
9 6 4 20
9 6 5 79
9 6 6 49
9 6 7 1
9 6 8 106
9 6 9 121
9 7 0 43
9 7 1 13
9 7 10 167
9 7 11 16
9 7 2 65
9 7 3 29
9 7 4 55
9 7 5 313
9 7 6 15
9 7 7 61
9 7 8 9
9 7 9 365
9 8 0 112
9 8 1 379
9 8 10 102
9 8 11 105
9 8 2 36
9 8 3 199
9 8 4 118
9 8 5 196
9 8 6 1118
9 8 7 56
9 8 8 470
9 8 9 467
9 9 0 23
9 9 1 45
9 9 10 150
9 9 11 34
9 9 2 25
9 9 3 17
9 9 4 19
9 9 5 36
9 9 6 41
9 9 7 63
9 9 8 145
9 9 9 226
