0 0 0 0.009186574235698968
0 0 1 0.0023423603145312786
0 0 10 0.001915116453044736
0 0 11 7.813409140026266E-5
0 0 2 5.718750519508587E-4
0 0 3 7.613917842834106E-4
0 0 4 5.4860106727844E-5
0 0 5 0.001201935065582764
0 0 6 1.09720213455688E-4
0 0 7 0.0010406796003524347
0 0 8 9.87481921101192E-4
0 0 9 1.1138264093228932E-4
0 1 0 0.009540671288215051
0 1 1 0.001127125829135704
0 1 10 0.0014828853091283893
0 1 11 1.4130633551111334E-4
0 1 2 1.59593037753728E-4
0 1 3 0.012526391036191046
0 1 4 2.5268897644340263E-4
0 1 5 0.001127125829135704
0 1 6 1.29669343174904E-4
0 1 7 2.610011138264093E-4
0 1 8 8.495004405432813E-4
0 1 9 8.9771083736472E-5
0 10 0 0.006245740029591209
0 10 1 0.0026765082373281465
0 10 10 0.0016042425149202866
0 10 11 4.4885541868236E-5
0 10 2 4.954033880271973E-4
0 10 3 4.3721842634615067E-4
0 10 4 2.7263810616261864E-4
0 10 5 0.0013548783934300866
0 10 6 2.2276528186457865E-4
0 10 7 9.209848220371387E-4
0 10 8 0.009432613502235966
0 10 9 8.943859824115173E-4
0 11 0 8.4783801306668E-5
0 11 1 2.9923694578824E-5
0 11 10 1.6291789270693065E-4
0 11 11 5.4860106727844E-5
0 11 2 4.322311439163466E-5
0 11 3 2.3273984672418664E-5
0 11 4 1.4961847289412E-5
0 11 5 1.4961847289412E-5
0 11 6 1.1636992336209332E-5
0 11 7 2.9923694578824E-5
0 11 8 2.3273984672418664E-5
0 11 9 6.150981663424933E-5
0 2 0 0.0014845477366049907
0 2 1 2.161155719581733E-5
0 2 10 2.44376839060396E-4
0 2 11 2.161155719581733E-5
0 2 2 3.64071617375692E-4
0 2 3 0.003168586770402141
0 2 4 4.305687164397453E-4
0 2 5 2.2609013681778133E-4
0 2 6 8.312137383006666E-6
0 2 7 1.1304506840889067E-4
0 2 8 6.4834671587452E-5
0 2 9 7.480923644705999E-5
0 3 0 0.001326617126327864
0 3 1 0.0021129453227602944
0 3 10 0.00129669343174904
0 3 11 3.3248549532026665E-5
0 3 2 4.8709125064419067E-4
0 3 3 8.445131581134773E-4
0 3 4 3.7072132728209733E-4
0 3 5 0.001376489950625904
0 3 6 5.851744717636693E-4
0 3 7 8.810865625987067E-4
0 3 8 7.131813874619719E-4
0 3 9 1.54605755323924E-4
0 4 0 9.309593868967466E-5
0 4 1 3.3248549532026665E-5
0 4 10 5.153525177464133E-5
0 4 11 9.974564859608E-6
0 4 2 7.148438149385733E-5
0 4 3 2.9092480840523335E-4
0 4 4 4.1560686915033333E-5
0 4 5 1.2135720579189733E-4
0 4 6 1.6624274766013333E-5
0 4 7 7.9796518876864E-5
0 4 8 2.3273984672418664E-5
0 4 9 2.4936412149019997E-5
0 5 0 0.0013382541186640732
0 5 1 3.5575947999268533E-4
0 5 10 3.4079763270327334E-4
0 5 11 6.649709906405333E-6
0 5 2 1.59593037753728E-4
0 5 3 9.259721044669426E-4
0 5 4 6.815952654065466E-5
0 5 5 0.001416388210064336
0 5 6 2.7762538859242266E-4
0 5 7 8.395258756836733E-4
0 5 8 0.001441324622213356
0 5 9 9.143351121307333E-5
0 6 0 1.6624274766013333E-4
0 6 1 1.4795604541751865E-4
0 6 10 1.09720213455688E-4
0 6 2 2.161155719581733E-5
0 6 3 3.64071617375692E-4
0 6 4 1.9949129719216E-5
0 6 5 3.39135205226672E-4
0 6 6 1.2800691569830267E-4
0 6 7 9.974564859608E-6
0 6 8 1.94504014762356E-4
0 6 9 3.3248549532026665E-5
0 7 0 6.18423021295696E-4
0 7 1 2.29414991770984E-4
0 7 10 7.28143234751384E-4
0 7 11 1.8286702242614666E-5
0 7 2 2.0115372466876134E-4
0 7 3 9.608830814755706E-4
0 7 4 7.9796518876864E-5
0 7 5 0.0011603743786677307
0 7 6 1.8286702242614666E-5
0 7 7 8.229016009176599E-4
0 7 8 0.0013482286835236814
0 7 9 1.7455488504313998E-4
0 8 0 0.0012268714777317839
0 8 1 2.54351403920004E-4
0 8 10 0.0020131996741642147
0 8 11 1.9949129719216E-5
0 8 2 3.9898259438432E-5
0 8 3 0.0017671604076272172
0 8 4 1.44631190464316E-4
0 8 5 0.0017355742855717918
0 8 6 3.2749821289046265E-4
0 8 7 9.376090968031519E-4
0 8 8 5.868368992402707E-4
0 8 9 6.649709906405333E-5
0 9 0 1.5128090037072134E-4
0 9 1 5.652253420444533E-5
0 9 10 6.167605938190946E-4
0 9 11 3.9898259438432E-5
0 9 2 4.8210396821438665E-5
0 9 3 8.810865625987067E-5
0 9 4 4.8210396821438665E-5
0 9 5 1.2800691569830267E-4
0 9 6 1.14707495885492E-4
0 9 7 1.0473293102588399E-4
0 9 8 9.642079364287733E-5
0 9 9 4.8210396821438665E-5
1 0 0 0.0018752181936063038
1 0 1 0.006277326151646634
1 0 10 0.009169949960932955
1 0 11 1.3798148055791065E-4
1 0 2 1.39643908034512E-4
1 0 3 0.0037088757002975746
1 0 4 2.0281615214536266E-4
1 0 5 0.0012484830349276013
1 0 6 3.93995311954516E-4
1 0 7 6.350472960617093E-4
1 0 8 0.001850281781457284
1 0 9 2.3273984672418665E-4
1 1 0 0.001142087676425116
1 1 1 0.0030555417019932506
1 1 10 4.38880853822752E-4
1 1 11 5.552507771848453E-4
1 1 2 2.9757451831163867E-4
1 1 3 0.0018452944990274799
1 1 4 2.3273984672418665E-4
1 1 5 5.502634947550414E-4
1 1 6 2.4770169401359867E-4
1 1 7 7.314680897045866E-5
1 1 8 0.0013249546988512626
1 1 9 1.6790517513673466E-4
1 10 0 0.001486210164081592
1 10 1 9.791697837181852E-4
1 10 10 5.269895100826227E-4
1 10 11 8.827489900753079E-4
1 10 2 3.657340448522933E-5
1 10 3 2.84275098498828E-4
1 10 4 3.3747277775007063E-4
1 10 5 0.0017322494306185893
1 10 6 3.2084850298405733E-4
1 10 7 7.92977906338836E-4
1 10 8 9.642079364287733E-4
1 10 9 3.823583196183067E-5
1 11 0 1.8286702242614666E-5
1 11 1 0.001152062241284724
1 11 10 0.0031586122055425334
1 11 11 3.873456020481107E-4
1 11 2 2.676508237328147E-4
1 11 3 9.691952188585773E-4
1 11 4 5.9847389157648E-5
1 11 5 7.647166392366134E-5
1 11 6 3.7238375475869863E-4
1 11 7 4.654796934483733E-5
1 11 8 4.3389357139294796E-4
1 11 9 9.392715242797533E-4
1 2 0 4.987282429804E-6
1 2 1 0.001052316592688644
1 2 10 2.161155719581733E-5
1 2 11 2.0780343457516665E-4
1 2 2 1.0140807607268133E-4
1 2 3 8.9771083736472E-5
1 2 4 1.5128090037072134E-4
1 2 5 4.9872824298039995E-5
1 2 6 1.6624274766013333E-4
1 2 7 9.974564859608E-6
1 2 8 2.6598839625621334E-5
1 2 9 1.4961847289412E-5
1 3 0 0.0011287882566123053
1 3 1 0.0065050787159410175
1 3 10 0.0010639535850248533
1 3 11 3.19186075507456E-4
1 3 2 5.319767925124267E-5
1 3 3 0.0018685684836998986
1 3 4 0.004129469851877712
1 3 5 0.009454225059431783
1 3 6 5.569132046614467E-4
1 3 7 2.4271441158379466E-4
1 3 8 8.893986999817133E-4
1 3 9 1.2135720579189733E-4
1 4 0 4.4885541868236E-5
1 4 1 4.8709125064419067E-4
1 4 10 1.1803235083869467E-4
1 4 11 1.14707495885492E-4
1 4 2 5.319767925124267E-5
1 4 3 0.001137100393995312
1 4 4 1.9949129719215998E-4
1 4 5 4.8210396821438665E-5
1 4 6 2.2609013681778133E-4
1 4 7 9.143351121307333E-5
1 4 8 9.193223945605373E-4
1 4 9 1.4961847289412E-5
1 5 0 0.001231858760161588
1 5 1 9.92469203530996E-4
1 5 10 8.212391734410586E-4
1 5 11 1.1803235083869467E-4
1 5 2 5.319767925124267E-5
1 5 3 0.0014745731717453825
1 5 4 3.657340448522933E-5
1 5 5 8.827489900753079E-4
1 5 6 7.946403338154373E-4
1 5 7 3.9732016690771865E-4
1 5 8 8.960484098881187E-4
1 5 9 4.1560686915033333E-5
1 6 0 2.9923694578824E-5
1 6 1 4.8709125064419067E-4
1 6 10 1.4961847289411998E-4
1 6 11 7.148438149385733E-5
1 6 2 1.4961847289412E-5
1 6 3 1.7289245756653865E-4
1 6 4 1.89516732332552E-4
1 6 5 5.103652353166093E-4
1 6 6 2.4770169401359867E-4
1 6 7 1.4961847289412E-5
1 6 8 3.657340448522933E-4
1 6 9 1.246820607451E-4
1 7 0 1.1138264093228932E-4
1 7 1 1.1138264093228932E-4
1 7 10 1.59593037753728E-4
1 7 11 1.4961847289412E-5
1 7 2 9.974564859608E-6
1 7 3 5.4860106727844E-5
1 7 4 2.6598839625621334E-5
1 7 5 1.3631905308130932E-4
1 7 6 2.8261267102222667E-5
1 7 7 7.314680897045866E-5
1 7 8 4.7545425830798133E-4
1 7 9 2.8261267102222667E-5
1 8 0 6.865825478363506E-4
1 8 1 9.608830814755706E-4
1 8 10 0.0014762355992219839
1 8 11 3.6739647232889467E-4
1 8 2 5.818496168104666E-5
1 8 3 0.0010489917377354413
1 8 4 6.865825478363506E-4
1 8 5 8.046148986750453E-4
1 8 6 0.0010506541652120427
1 8 7 3.89008029524712E-4
1 8 8 0.0016773893238907452
1 8 9 4.4719299120575865E-4
1 9 0 4.322311439163466E-5
1 9 1 2.7097567868601734E-4
1 9 10 3.9898259438432E-5
1 9 11 6.317224411085066E-5
1 9 2 1.6624274766013334E-6
1 9 3 2.3273984672418664E-5
1 9 4 5.153525177464133E-5
1 9 5 3.823583196183067E-5
1 9 6 2.959120908350373E-4
1 9 7 1.8286702242614666E-5
1 9 8 5.153525177464133E-4
1 9 9 5.818496168104666E-5
10 0 0 0.0021029707579006867
10 0 1 0.01227037720479444
10 0 10 0.006977208119295796
10 0 11 4.654796934483733E-5
10 0 2 0.002349010024437684
10 0 3 0.001132113111565508
10 0 4 1.1803235083869467E-4
10 0 5 0.0010656160125014546
10 0 6 1.2800691569830267E-4
10 0 7 8.162518910112546E-4
10 0 8 0.0013249546988512626
10 0 9 1.94504014762356E-4
10 1 0 0.002349010024437684
10 1 1 6.300600136319053E-4
10 1 10 0.0013183049889448574
10 1 11 6.982195401725599E-4
10 1 2 1.44631190464316E-4
10 1 3 0.0015177962861370174
10 1 4 5.469386398018386E-4
10 1 5 0.0015227835685668212
10 1 6 2.4105198410719333E-4
10 1 7 2.04478579621964E-4
10 1 8 0.001157049523714528
10 1 9 3.3248549532026665E-5
10 10 0 0.0021312320250029093
10 10 1 8.112646085814507E-4
10 10 10 0.008322111947866275
10 10 11 0.0011221385467059
10 10 2 1.3631905308130932E-4
10 10 3 9.974564859608E-4
10 10 4 1.34656625604708E-4
10 10 5 0.001585955812677672
10 10 6 5.402889298954333E-4
10 10 7 4.2558143400994134E-4
10 10 8 0.0019134540255681346
10 10 9 1.6125546523032932E-4
10 11 0 1.44631190464316E-4
10 11 1 0.003163599487972337
10 11 10 0.004659784216913537
10 11 11 6.93232257742756E-4
10 11 2 1.8120459494954533E-4
10 11 3 6.666334181171347E-4
10 11 4 4.1560686915033333E-5
10 11 5 1.2800691569830267E-4
10 11 6 2.6266354130301066E-4
10 11 7 7.148438149385733E-5
10 11 8 8.02952471198444E-4
10 11 9 3.4910977008628E-5
10 2 0 3.358103502734693E-4
10 2 1 5.652253420444533E-5
10 2 10 2.3107741924758532E-4
10 2 11 4.322311439163466E-5
10 2 2 1.0140807607268133E-4
10 2 3 4.6880454840157596E-4
10 2 4 5.153525177464133E-5
10 2 5 3.1419879307765196E-4
10 2 6 2.4936412149019997E-5
10 2 7 1.1138264093228932E-4
10 2 8 8.312137383006667E-5
10 2 9 1.2301963326849866E-4
10 3 0 3.7072132728209733E-4
10 3 1 7.92977906338836E-4
10 3 10 0.0013449038285704787
10 3 11 2.04478579621964E-4
10 3 2 3.2084850298405733E-4
10 3 3 0.0013299419812810667
10 3 4 2.2276528186457865E-4
10 3 5 7.065316775555666E-4
10 3 6 5.768623343806626E-4
10 3 7 4.6049241101856934E-4
10 3 8 3.6240918989909065E-4
10 3 9 4.1560686915033333E-5
10 4 0 5.319767925124267E-5
10 4 1 2.7263810616261864E-4
10 4 10 1.94504014762356E-4
10 4 11 3.9898259438432E-5
10 4 2 1.8286702242614666E-5
10 4 3 5.2366465512942E-4
10 4 4 1.3631905308130932E-4
10 4 5 7.647166392366134E-5
10 4 6 5.652253420444533E-5
10 4 7 8.4783801306668E-5
10 4 8 1.7621731251974134E-4
10 4 9 1.1636992336209332E-5
10 5 0 0.0010905524246504746
10 5 1 0.00157099396538826
10 5 10 0.0010905524246504746
10 5 11 1.54605755323924E-4
10 5 2 3.64071617375692E-4
10 5 3 0.0015443951257626386
10 5 4 6.9821954017256E-5
10 5 5 0.0020165245291174174
10 5 6 8.844114175519093E-4
10 5 7 0.0011038518444632852
10 5 8 0.0010307050354928266
10 5 9 1.0473293102588399E-4
10 6 0 5.9847389157648E-5
10 6 1 3.54097052516084E-4
10 6 10 4.904161055973933E-4
10 6 11 4.9872824298039995E-5
10 6 2 3.9898259438432E-5
10 6 3 8.893986999817133E-4
10 6 4 6.317224411085066E-5
10 6 5 0.0010589663025950492
10 6 6 3.657340448522933E-4
10 6 7 1.4961847289412E-5
10 6 8 7.813409140026267E-4
10 6 9 1.1636992336209332E-5
10 7 0 2.29414991770984E-4
10 7 1 5.253270826060213E-4
10 7 10 7.480923644706E-4
10 7 11 8.644622878326933E-5
10 7 2 2.0614100709856532E-4
10 7 3 8.17914318487856E-4
10 7 4 1.9949129719215998E-4
10 7 5 5.968114640998787E-4
10 7 6 2.6598839625621334E-5
10 7 7 3.39135205226672E-4
10 7 8 0.0022575765132246107
10 7 9 2.493641214902E-4
10 8 0 0.0035309959603012316
10 8 1 6.250727312021013E-4
10 8 10 0.007153425431815537
10 8 11 0.0012202217678253786
10 8 2 1.5626818280052533E-4
10 8 3 0.001790434392299636
10 8 4 2.493641214902E-4
10 8 5 0.001541070270809436
10 8 6 0.004365534553555101
10 8 7 0.008554851794590462
10 8 8 0.0024470932455571627
10 8 9 6.649709906405333E-5
10 9 0 4.8210396821438665E-4
10 9 1 1.0140807607268133E-4
10 9 10 7.564045018536066E-4
10 9 11 4.1560686915033333E-5
10 9 2 1.14707495885492E-4
10 9 3 5.9847389157648E-5
10 9 4 6.317224411085066E-5
10 9 5 2.3440227420078798E-4
10 9 6 5.9847389157648E-5
10 9 7 5.984738915764799E-4
10 9 8 1.54605755323924E-4
10 9 9 1.5793061027712666E-4
11 0 0 7.813409140026266E-5
11 0 1 1.2135720579189733E-4
11 0 10 2.161155719581733E-5
11 0 11 9.808322111947866E-5
11 0 2 1.39643908034512E-4
11 0 3 2.161155719581733E-5
11 0 4 2.6598839625621334E-5
11 0 5 1.3299419812810667E-5
11 0 6 6.649709906405333E-6
11 0 7 3.158612205542533E-5
11 0 8 1.6624274766013333E-5
11 0 9 2.9923694578824E-5
11 1 0 5.319767925124267E-5
11 1 1 6.350472960617093E-4
11 1 10 4.2724386148654264E-4
11 1 11 0.0018569314913636894
11 1 2 5.868368992402707E-4
11 1 3 0.0022226655362159826
11 1 4 1.09720213455688E-4
11 1 5 1.0805778597908666E-4
11 1 6 2.4271441158379466E-4
11 1 7 1.4961847289412E-5
11 1 8 3.6739647232889467E-4
11 1 9 8.810865625987067E-5
11 10 0 2.29414991770984E-4
11 10 1 0.0012451581799743986
11 10 10 0.0011969477831529599
11 10 11 0.002309111764999252
11 10 2 2.0115372466876134E-4
11 10 3 9.92469203530996E-4
11 10 4 1.6291789270693065E-4
11 10 5 3.54097052516084E-4
11 10 6 5.502634947550414E-4
11 10 7 3.9233288447791464E-4
11 10 8 0.004136119561784117
11 10 9 9.808322111947866E-5
11 11 0 4.9872824298039995E-5
11 11 1 4.106195867205293E-4
11 11 10 6.616461356873306E-4
11 11 11 6.416970059681147E-4
11 11 2 5.319767925124267E-5
11 11 3 2.5102654896680133E-4
11 11 4 4.4885541868236E-5
11 11 5 3.823583196183067E-5
11 11 6 1.9949129719215998E-4
11 11 7 2.6598839625621334E-5
11 11 8 1.89516732332552E-4
11 11 9 5.319767925124267E-5
11 2 0 5.153525177464133E-5
11 2 1 2.9923694578823997E-4
11 2 10 2.4936412149019997E-5
11 2 11 1.54605755323924E-4
11 2 2 5.652253420444533E-5
11 2 3 1.6624274766013333E-4
11 2 4 4.322311439163466E-5
11 2 5 6.317224411085066E-5
11 2 6 1.44631190464316E-4
11 2 7 4.987282429804E-6
11 2 8 2.4936412149019997E-5
11 2 9 2.161155719581733E-5
11 3 0 1.9949129719216E-5
11 3 1 4.4054328129935333E-4
11 3 10 8.544877229730853E-4
11 3 11 4.8709125064419067E-4
11 3 2 7.480923644705999E-5
11 3 3 5.652253420444533E-4
11 3 4 1.9782886971555865E-4
11 3 5 2.9258723588183465E-4
11 3 6 2.7263810616261864E-4
11 3 7 7.148438149385733E-5
11 3 8 3.19186075507456E-4
11 3 9 2.4936412149019997E-5
11 4 0 3.3248549532026667E-6
11 4 1 3.158612205542533E-5
11 4 10 1.1636992336209332E-5
11 4 11 5.818496168104666E-5
11 4 2 8.312137383006666E-6
11 4 3 7.148438149385733E-5
11 4 4 2.8261267102222667E-5
11 4 5 2.6598839625621334E-5
11 4 6 3.3248549532026665E-5
11 4 7 3.3248549532026667E-6
11 4 8 1.9949129719216E-5
11 4 9 1.6624274766013334E-6
11 5 0 2.3273984672418664E-5
11 5 1 2.6598839625621334E-5
11 5 10 4.9872824298039995E-5
11 5 11 6.150981663424933E-5
11 5 2 4.322311439163466E-5
11 5 3 7.480923644705999E-5
11 5 4 1.4961847289412E-5
11 5 5 6.150981663424933E-5
11 5 6 1.1636992336209333E-4
11 5 7 1.0307050354928266E-4
11 5 8 1.3299419812810666E-4
11 5 9 4.987282429804E-6
11 6 0 8.312137383006666E-6
11 6 1 2.6266354130301066E-4
11 6 10 1.7289245756653865E-4
11 6 11 1.3798148055791065E-4
11 6 2 9.143351121307333E-5
11 6 3 1.19694778315296E-4
11 6 4 1.59593037753728E-4
11 6 5 1.0639535850248533E-4
11 6 6 2.8759995345203063E-4
11 6 7 3.823583196183067E-5
11 6 8 4.28906288963144E-4
11 6 9 4.322311439163466E-5
11 7 0 4.987282429804E-6
11 7 1 1.6624274766013333E-5
11 7 10 4.9872824298039995E-5
11 7 11 5.818496168104666E-5
11 7 2 1.4961847289412E-5
11 7 3 1.6624274766013333E-5
11 7 4 9.974564859608E-6
11 7 5 2.6598839625621334E-5
11 7 6 4.1560686915033333E-5
11 7 7 2.8261267102222667E-5
11 7 8 7.9796518876864E-5
11 7 9 8.312137383006666E-6
11 8 0 2.4936412149019997E-5
11 8 1 7.314680897045866E-5
11 8 10 5.768623343806626E-4
11 8 11 3.54097052516084E-4
11 8 2 6.9821954017256E-5
11 8 3 7.863281964324306E-4
11 8 4 2.9923694578824E-5
11 8 5 5.402889298954333E-4
11 8 6 2.2276528186457865E-4
11 8 7 9.309593868967466E-5
11 8 8 1.94504014762356E-4
11 8 9 1.2800691569830267E-4
11 9 0 3.3248549532026665E-5
11 9 1 2.759629611158213E-4
11 9 10 9.974564859608E-6
11 9 11 1.59593037753728E-4
11 9 2 9.974564859608E-6
11 9 3 3.158612205542533E-5
11 9 4 3.657340448522933E-5
11 9 5 3.823583196183067E-5
11 9 6 8.145894635346532E-5
11 9 7 2.9923694578824E-5
11 9 8 0.0010589663025950492
11 9 9 4.322311439163466E-5
2 0 0 3.9233288447791464E-4
2 0 1 2.4936412149019997E-5
2 0 10 0.0010539790201652454
2 0 11 6.649709906405333E-5
2 0 2 0.0014729107442687812
2 0 3 5.220022276528186E-4
2 0 4 9.808322111947866E-5
2 0 5 1.5793061027712666E-4
2 0 6 5.319767925124267E-5
2 0 7 3.806958921417053E-4
2 0 8 1.3133177065150533E-4
2 0 9 2.0614100709856532E-4
2 1 0 8.810865625987067E-5
2 1 1 3.04224228218044E-4
2 1 10 1.89516732332552E-4
2 1 11 7.464299369939986E-4
2 1 2 2.460392665369973E-4
2 1 3 1.19694778315296E-4
2 1 4 8.810865625987067E-5
2 1 5 9.309593868967466E-5
2 1 6 2.4271441158379466E-4
2 1 7 3.158612205542533E-5
2 1 8 1.4130633551111334E-4
2 1 9 3.9898259438432E-5
2 10 0 2.8593752597542933E-4
2 10 1 2.8261267102222667E-5
2 10 10 8.9771083736472E-5
2 10 11 9.143351121307333E-5
2 10 2 2.0115372466876134E-4
2 10 3 1.09720213455688E-4
2 10 4 2.9923694578824E-5
2 10 5 3.29160640367064E-4
2 10 6 2.8261267102222667E-5
2 10 7 2.0946586205176798E-4
2 10 8 1.5626818280052533E-4
2 10 9 1.14707495885492E-4
2 11 0 5.9847389157648E-5
2 11 1 1.9782886971555865E-4
2 11 10 1.5793061027712666E-4
2 11 11 4.4885541868236E-5
2 11 2 1.1138264093228932E-4
2 11 3 3.823583196183067E-5
2 11 4 4.987282429804E-6
2 11 5 2.161155719581733E-5
2 11 6 1.5626818280052533E-4
2 11 7 8.312137383006666E-6
2 11 8 1.6125546523032932E-4
2 11 9 6.649709906405333E-6
2 2 0 2.3107741924758532E-4
2 2 1 1.0140807607268133E-4
2 2 10 5.9847389157648E-5
2 2 11 2.9923694578824E-5
2 2 2 5.751999069040613E-4
2 2 3 5.469386398018386E-4
2 2 4 9.974564859607999E-5
2 2 5 1.3631905308130932E-4
2 2 6 2.9923694578824E-5
2 2 7 8.145894635346532E-5
2 2 8 8.644622878326933E-5
2 2 9 3.158612205542533E-5
2 3 0 3.806958921417053E-4
2 3 1 9.808322111947866E-5
2 3 10 3.54097052516084E-4
2 3 11 8.312137383006667E-5
2 3 2 0.0029690954732099813
2 3 3 5.668877695210546E-4
2 3 4 1.5626818280052533E-4
2 3 5 0.004415407377853141
2 3 6 6.815952654065466E-5
2 3 7 3.0588665569464534E-4
2 3 8 1.3299419812810666E-4
2 3 9 6.649709906405333E-6
2 4 0 6.815952654065466E-5
2 4 1 8.312137383006666E-6
2 4 10 2.6598839625621334E-5
2 4 11 1.8286702242614666E-5
2 4 2 4.455305637291573E-4
2 4 3 6.4834671587452E-5
2 4 4 5.652253420444533E-5
2 4 5 5.020530979336027E-4
2 4 6 1.1636992336209333E-4
2 4 7 4.9872824298039995E-5
2 4 8 1.6624274766013333E-5
2 4 9 3.3248549532026665E-5
2 5 0 3.5742190746928664E-4
2 5 1 1.1636992336209332E-5
2 5 10 1.3798148055791065E-4
2 5 11 1.0473293102588399E-4
2 5 2 3.308230678436653E-4
2 5 3 8.12927036058052E-4
2 5 4 1.1636992336209333E-4
2 5 5 1.6125546523032932E-4
2 5 6 1.3798148055791065E-4
2 5 7 3.44122487656476E-4
2 5 8 3.64071617375692E-4
2 5 9 1.0140807607268133E-4
2 6 0 6.649709906405333E-6
2 6 1 2.0946586205176798E-4
2 6 10 4.8210396821438665E-5
2 6 11 3.657340448522933E-5
2 6 2 5.818496168104666E-5
2 6 3 1.8286702242614666E-5
2 6 4 3.9898259438432E-5
2 6 5 1.0307050354928266E-4
2 6 6 7.480923644705999E-5
2 6 7 9.974564859608E-6
2 6 8 6.150981663424933E-5
2 6 9 1.1636992336209332E-5
2 7 0 3.9898259438432E-5
2 7 1 9.974564859608E-6
2 7 10 8.145894635346532E-5
2 7 11 3.3248549532026667E-6
2 7 2 1.8785430485595067E-4
2 7 3 8.145894635346532E-5
2 7 4 3.3248549532026665E-5
2 7 5 1.69567602613336E-4
2 7 6 3.3248549532026667E-6
2 7 7 1.1636992336209333E-4
2 7 8 1.1636992336209333E-4
2 7 9 3.9898259438432E-5
2 8 0 6.649709906405333E-5
2 8 1 9.974564859608E-6
2 8 10 7.813409140026266E-5
2 8 11 1.6624274766013333E-5
2 8 2 9.309593868967466E-5
2 8 3 1.2301963326849866E-4
2 8 4 3.3248549532026667E-6
2 8 5 1.2135720579189733E-4
2 8 6 4.1560686915033333E-5
2 8 7 1.64580320183532E-4
2 8 8 5.818496168104666E-5
2 8 9 9.974564859608E-6
2 9 0 7.813409140026266E-5
2 9 1 3.3248549532026667E-6
2 9 10 1.5294332784732267E-4
2 9 11 2.8261267102222667E-5
2 9 2 9.974564859607999E-5
2 9 3 3.3248549532026665E-5
2 9 4 4.654796934483733E-5
2 9 5 9.808322111947866E-5
2 9 6 1.4961847289412E-5
2 9 7 1.14707495885492E-4
2 9 8 1.9949129719216E-5
2 9 9 8.145894635346532E-5
3 0 0 4.954033880271973E-4
3 0 1 0.0023273984672418668
3 0 10 0.0010157431882034146
3 0 11 1.6624274766013333E-5
3 0 2 4.1726929662693466E-4
3 0 3 9.758449287649826E-4
3 0 4 4.4885541868236E-5
3 0 5 3.09211510647848E-4
3 0 6 3.9233288447791464E-4
3 0 7 9.110102571775306E-4
3 0 8 0.0013332668362342694
3 0 9 2.29414991770984E-4
3 1 0 0.00965039150167074
3 1 1 0.0018087210945422507
3 1 10 0.0012700945921234187
3 1 11 0.0026548966801323293
3 1 2 4.654796934483733E-5
3 1 3 0.004621548384951706
3 1 4 0.0010839027147440694
3 1 5 0.002553488604059648
3 1 6 3.6739647232889467E-4
3 1 7 2.0614100709856532E-4
3 1 8 0.0015327581334264294
3 1 9 1.7289245756653865E-4
3 10 0 0.0016491280567885226
3 10 1 9.309593868967466E-4
3 10 10 0.0022093661164031718
3 10 11 8.711119977390986E-4
3 10 2 2.111282895283693E-4
3 10 3 0.0015443951257626386
3 10 4 1.9782886971555865E-4
3 10 5 0.0011221385467059
3 10 6 9.592206539989693E-4
3 10 7 8.395258756836733E-4
3 10 8 0.0019317407278107493
3 10 9 1.2800691569830267E-4
3 11 0 9.974564859608E-6
3 11 1 3.607467624224893E-4
3 11 10 9.376090968031519E-4
3 11 11 1.5793061027712666E-4
3 11 2 4.9872824298039995E-5
3 11 3 4.555051285887653E-4
3 11 4 1.6624274766013333E-5
3 11 5 2.4936412149019997E-5
3 11 6 1.7289245756653865E-4
3 11 7 2.9923694578824E-5
3 11 8 6.400345784915133E-4
3 11 9 4.4885541868236E-5
3 2 0 0.0016591026216481305
3 2 1 1.2135720579189733E-4
3 2 10 4.7711668578458264E-4
3 2 11 1.2634448822170132E-4
3 2 2 4.006450218609213E-4
3 2 3 0.0030937775339550814
3 2 4 5.652253420444533E-5
3 2 5 0.0013299419812810667
3 2 6 4.8210396821438665E-5
3 2 7 1.9782886971555865E-4
3 2 8 2.04478579621964E-4
3 2 9 7.647166392366134E-5
3 3 0 6.53333998304324E-4
3 3 1 0.0020813592007048695
3 3 10 0.0021279071700497066
3 3 11 3.7737103718850265E-4
3 3 2 4.0729473176732663E-4
3 3 3 0.007826708559839078
3 3 4 0.0010406796003524347
3 3 5 0.0024470932455571627
3 3 6 6.832576928831479E-4
3 3 7 4.0230744933752267E-4
3 3 8 9.17659967083936E-4
3 3 9 9.143351121307333E-5
3 4 0 1.0307050354928266E-4
3 4 1 8.744368526923013E-4
3 4 10 1.54605755323924E-4
3 4 11 8.312137383006667E-5
3 4 2 2.161155719581733E-5
3 4 3 0.004859275514105697
3 4 4 4.4054328129935333E-4
3 4 5 1.0307050354928266E-4
3 4 6 0.002199391551543564
3 4 7 2.2110285438797732E-4
3 4 8 6.749455555001413E-4
3 4 9 2.6598839625621334E-5
3 5 0 0.001246820607451
3 5 1 9.359466693265507E-4
3 5 10 8.727744252157E-4
3 5 11 1.6291789270693065E-4
3 5 2 4.455305637291573E-4
3 5 3 0.006536664837996442
3 5 4 4.4885541868236E-5
3 5 5 0.002049773078649444
3 5 6 0.007264808072747826
3 5 7 0.008440144298704969
3 5 8 0.0013432414010938773
3 5 9 9.808322111947866E-5
3 6 0 1.4961847289411998E-4
3 6 1 5.552507771848453E-4
3 6 10 9.7252007381178E-4
3 6 11 1.0805778597908666E-4
3 6 2 4.654796934483733E-5
3 6 3 6.78270410453344E-4
3 6 4 4.571675560653666E-4
3 6 5 0.0016374910644523133
3 6 6 5.38626502418832E-4
3 6 7 4.8210396821438665E-5
3 6 8 7.464299369939986E-4
3 6 9 2.6266354130301066E-4
3 7 0 4.3721842634615067E-4
3 7 1 2.3107741924758532E-4
3 7 10 0.0012634448822170133
3 7 11 4.9872824298039995E-5
3 7 2 2.659883962562133E-4
3 7 3 8.229016009176599E-4
3 7 4 8.9771083736472E-5
3 7 5 0.0012335211876381893
3 7 6 2.9923694578824E-5
3 7 7 4.6049241101856934E-4
3 7 8 0.0012451581799743986
3 7 9 4.1560686915033333E-5
3 8 0 6.666334181171347E-4
3 8 1 3.2749821289046265E-4
3 8 10 9.891443485777933E-4
3 8 11 3.657340448522933E-4
3 8 2 3.823583196183067E-5
3 8 3 0.0015244459960434226
3 8 4 2.659883962562133E-4
3 8 5 3.79033464665104E-4
3 8 6 5.88499326716872E-4
3 8 7 8.32876165777268E-4
3 8 8 8.461755855900786E-4
3 8 9 1.246820607451E-4
3 9 0 7.314680897045866E-5
3 9 1 9.143351121307333E-5
3 9 10 1.34656625604708E-4
3 9 11 4.322311439163466E-5
3 9 2 1.6624274766013333E-5
3 9 3 9.642079364287733E-5
3 9 4 2.161155719581733E-5
3 9 5 2.3273984672418664E-5
3 9 6 1.4296876298771467E-4
3 9 7 1.9949129719216E-5
3 9 8 3.3414792279686797E-4
3 9 9 6.649709906405333E-5
4 0 0 4.8210396821438665E-5
4 0 1 1.0805778597908666E-4
4 0 10 6.9821954017256E-5
4 0 11 1.6624274766013333E-5
4 0 2 7.9796518876864E-5
4 0 3 4.4885541868236E-5
4 0 4 8.9771083736472E-5
4 0 5 1.8286702242614666E-5
4 0 6 1.3299419812810667E-5
4 0 7 8.4783801306668E-5
4 0 8 5.818496168104666E-5
4 0 9 4.9872824298039995E-5
4 1 0 2.04478579621964E-4
4 1 1 1.89516732332552E-4
4 1 10 5.4860106727844E-4
4 1 11 1.1304506840889067E-4
4 1 2 3.9898259438432E-5
4 1 3 5.702126244742573E-4
4 1 4 4.43868136252556E-4
4 1 5 1.6624274766013333E-5
4 1 6 2.161155719581733E-5
4 1 7 4.8210396821438665E-5
4 1 8 8.644622878326933E-4
4 1 9 4.322311439163466E-5
4 10 0 2.04478579621964E-4
4 10 1 1.0805778597908666E-4
4 10 10 6.4834671587452E-5
4 10 11 3.158612205542533E-5
4 10 2 9.974564859608E-6
4 10 3 5.652253420444533E-5
4 10 4 7.647166392366134E-5
4 10 5 3.4910977008628E-5
4 10 6 2.9923694578824E-5
4 10 7 8.4783801306668E-5
4 10 8 1.246820607451E-4
4 10 9 2.9923694578824E-5
4 11 0 2.8261267102222667E-5
4 11 1 1.5626818280052533E-4
4 11 10 4.4885541868236E-5
4 11 11 8.644622878326933E-5
4 11 2 3.4910977008628E-5
4 11 3 6.4834671587452E-5
4 11 4 3.3248549532026665E-5
4 11 5 1.3299419812810667E-5
4 11 6 5.153525177464133E-5
4 11 7 2.6598839625621334E-5
4 11 8 4.8210396821438665E-5
4 11 9 3.823583196183067E-5
4 2 0 1.29669343174904E-4
4 2 1 2.460392665369973E-4
4 2 10 4.9872824298039995E-5
4 2 11 6.150981663424933E-5
4 2 2 5.4860106727844E-5
4 2 3 1.3299419812810667E-5
4 2 4 3.04224228218044E-4
4 2 5 1.34656625604708E-4
4 2 6 6.9821954017256E-5
4 2 7 3.823583196183067E-5
4 2 8 8.312137383006666E-6
4 2 9 8.644622878326933E-5
4 3 0 7.165062424151746E-4
4 3 1 0.0037836849367446344
4 3 10 4.987282429804E-4
4 3 11 2.84275098498828E-4
4 3 2 7.480923644705999E-5
4 3 3 0.0011936229281997574
4 3 4 0.0020131996741642147
4 3 5 3.44122487656476E-4
4 3 6 5.835120442870679E-4
4 3 7 4.505178461589613E-4
4 3 8 0.001107176699416488
4 3 9 1.29669343174904E-4
4 4 0 1.9949129719216E-5
4 4 1 1.9117915980915333E-4
4 4 10 3.3248549532026665E-5
4 4 11 6.649709906405333E-5
4 4 2 3.657340448522933E-5
4 4 3 5.269895100826227E-4
4 4 4 4.920785330739946E-4
4 4 5 1.1304506840889067E-4
4 4 6 2.1279071700497067E-4
4 4 7 4.9872824298039995E-5
4 4 8 1.4296876298771467E-4
4 4 9 2.9923694578824E-5
4 5 0 8.4783801306668E-5
4 5 1 2.4936412149019997E-5
4 5 10 4.1560686915033333E-5
4 5 11 4.987282429804E-6
4 5 2 1.1803235083869467E-4
4 5 3 5.319767925124267E-5
4 5 4 4.156068691503333E-4
4 5 5 1.3133177065150533E-4
4 5 6 1.1803235083869467E-4
4 5 7 7.28143234751384E-4
4 5 8 1.6624274766013333E-5
4 5 9 8.312137383006667E-5
4 6 0 1.6624274766013334E-6
4 6 1 2.0780343457516665E-4
4 6 10 6.4834671587452E-5
4 6 11 6.4834671587452E-5
4 6 2 1.6624274766013333E-5
4 6 3 2.1279071700497067E-4
4 6 4 0.001067278439978056
4 6 5 3.9898259438432E-5
4 6 6 2.0946586205176798E-4
4 6 7 1.2634448822170132E-4
4 6 8 0.001700663308563164
4 6 9 3.9898259438432E-5
4 7 0 2.3273984672418664E-5
4 7 1 2.161155719581733E-5
4 7 10 1.1803235083869467E-4
4 7 11 2.8261267102222667E-5
4 7 2 6.649709906405333E-5
4 7 3 2.4936412149019997E-5
4 7 4 1.3631905308130932E-4
4 7 5 1.89516732332552E-4
4 7 6 7.480923644705999E-5
4 7 7 6.317224411085066E-5
4 7 8 3.2749821289046265E-4
4 7 9 6.317224411085066E-5
4 8 0 1.1138264093228932E-4
4 8 1 2.7430053363922E-4
4 8 10 2.7430053363922E-4
4 8 11 7.9796518876864E-5
4 8 2 4.987282429804E-6
4 8 3 8.827489900753079E-4
4 8 4 3.79033464665104E-4
4 8 5 3.4910977008628E-5
4 8 6 3.4910977008627996E-4
4 8 7 1.8286702242614666E-4
4 8 8 3.8235831961830666E-4
4 8 9 8.810865625987067E-5
4 9 0 9.974564859608E-6
4 9 1 9.974564859608E-6
4 9 10 3.3248549532026665E-5
4 9 11 2.9923694578824E-5
4 9 2 1.9949129719216E-5
4 9 3 4.987282429804E-6
4 9 4 2.8261267102222667E-5
4 9 5 4.8210396821438665E-5
4 9 6 9.974564859608E-6
4 9 7 4.654796934483733E-5
4 9 8 5.153525177464133E-5
4 9 9 4.322311439163466E-5
5 0 0 0.0023556597343440894
5 0 1 0.001655777766694928
5 0 10 0.001531095705949828
5 0 11 2.6598839625621334E-5
5 0 2 5.369640749422306E-4
5 0 3 8.561501504496866E-4
5 0 4 7.813409140026266E-5
5 0 5 0.001451299187072964
5 0 6 1.6790517513673466E-4
5 0 7 7.58066929330208E-4
5 0 8 0.001900154605755324
5 0 9 1.7289245756653865E-4
5 1 0 0.0013449038285704787
5 1 1 3.607467624224893E-4
5 1 10 0.0015277708509966253
5 1 11 1.7455488504313998E-4
5 1 2 3.9898259438432E-5
5 1 3 0.0011337755390421092
5 1 4 3.3248549532026665E-5
5 1 5 8.245640283942613E-4
5 1 6 1.3299419812810666E-4
5 1 7 8.145894635346532E-5
5 1 8 9.226472495137399E-4
5 1 9 7.647166392366134E-5
5 10 0 8.212391734410586E-4
5 10 1 9.02698119794524E-4
5 10 10 7.647166392366133E-4
5 10 11 1.7787973999634267E-4
5 10 2 1.39643908034512E-4
5 10 3 2.1279071700497067E-4
5 10 4 1.4961847289412E-5
5 10 5 0.0013981015078217212
5 10 6 2.3606470167738934E-4
5 10 7 3.44122487656476E-4
5 10 8 9.159975396073346E-4
5 10 9 1.54605755323924E-4
5 11 0 2.8261267102222667E-5
5 11 1 5.9847389157648E-5
5 11 10 3.4246006017987464E-4
5 11 11 1.0805778597908666E-4
5 11 2 6.4834671587452E-5
5 11 3 1.1636992336209333E-4
5 11 4 9.974564859608E-6
5 11 5 1.9949129719215998E-4
5 11 6 8.9771083736472E-5
5 11 7 3.4910977008628E-5
5 11 8 2.7430053363922E-4
5 11 9 2.3273984672418664E-5
5 2 0 2.5601383139660535E-4
5 2 1 4.4885541868236E-5
5 2 10 2.44376839060396E-4
5 2 11 1.39643908034512E-4
5 2 2 1.4296876298771467E-4
5 2 3 0.0011703489435273386
5 2 4 1.3299419812810666E-4
5 2 5 3.4246006017987464E-4
5 2 6 5.153525177464133E-5
5 2 7 1.0473293102588399E-4
5 2 8 1.5626818280052533E-4
5 2 9 1.44631190464316E-4
5 3 0 0.0010689408674546574
5 3 1 0.007582331720778681
5 3 10 0.0015427326982860373
5 3 11 2.5767625887320665E-4
5 3 2 0.002683157947234552
5 3 3 0.0017472112779080013
5 3 4 8.810865625987067E-5
5 3 5 0.006406995494821538
5 3 6 0.0016690771865077387
5 3 7 0.0018602563463168918
5 3 8 5.469386398018386E-4
5 3 9 1.6125546523032932E-4
5 4 0 1.19694778315296E-4
5 4 1 6.150981663424933E-5
5 4 10 4.322311439163466E-5
5 4 11 2.3273984672418664E-5
5 4 2 2.3107741924758532E-4
5 4 3 1.5294332784732267E-4
5 4 4 1.19694778315296E-4
5 4 5 4.455305637291573E-4
5 4 6 1.6624274766013333E-5
5 4 7 2.1777799943477466E-4
5 4 8 2.9923694578824E-5
5 4 9 5.153525177464133E-5
5 5 0 0.0021378817349093147
5 5 1 6.766079829767426E-4
5 5 10 7.048692500789654E-4
5 5 11 8.644622878326933E-5
5 5 2 1.69567602613336E-4
5 5 3 0.0020963210479942812
5 5 4 1.64580320183532E-4
5 5 5 0.00908849101457949
5 5 6 0.0014629361794091732
5 5 7 0.0016873638887503534
5 5 8 0.0012202217678253786
5 5 9 9.4758366166276E-5
5 6 0 1.44631190464316E-4
5 6 1 5.984738915764799E-4
5 6 10 6.982195401725599E-4
5 6 11 7.480923644705999E-5
5 6 2 7.647166392366134E-5
5 6 3 9.043605472711253E-4
5 6 4 1.0473293102588399E-4
5 6 5 0.0059232290991305505
5 6 6 8.927235549349159E-4
5 6 7 1.4130633551111334E-4
5 6 8 0.006530015128090037
5 6 9 1.3133177065150533E-4
5 7 0 5.4860106727844E-4
5 7 1 1.7621731251974134E-4
5 7 10 7.514172194238027E-4
5 7 11 8.9771083736472E-5
5 7 2 2.5601383139660535E-4
5 7 3 9.409339517563546E-4
5 7 4 1.5294332784732267E-4
5 7 5 0.004694695193922165
5 7 6 3.823583196183067E-5
5 7 7 9.92469203530996E-4
5 7 8 0.010619586720529317
5 7 9 9.525709440925639E-4
5 8 0 0.0020131996741642147
5 8 1 4.156068691503333E-4
5 8 10 0.001501172011371004
5 8 11 5.436137848486359E-4
5 8 2 1.9117915980915333E-4
5 8 3 0.0011736737984805413
5 8 4 3.823583196183067E-5
5 8 5 0.0013365916911874719
5 8 6 0.0014446494771665585
5 8 7 0.0019117915980915333
5 8 8 9.509085166159627E-4
5 8 9 1.7289245756653865E-4
5 9 0 1.5626818280052533E-4
5 9 1 2.4936412149019997E-5
5 9 10 1.8785430485595067E-4
5 9 11 2.6598839625621334E-5
5 9 2 5.153525177464133E-5
5 9 3 3.657340448522933E-5
5 9 4 7.314680897045866E-5
5 9 5 1.6624274766013333E-4
5 9 6 2.8261267102222667E-5
5 9 7 2.2442770934118E-4
5 9 8 1.6291789270693065E-4
5 9 9 7.148438149385733E-5
6 0 0 3.823583196183067E-5
6 0 1 2.8593752597542933E-4
6 0 10 7.9796518876864E-5
6 0 11 1.6624274766013334E-6
6 0 2 1.3299419812810667E-5
6 0 3 1.6624274766013333E-4
6 0 4 8.312137383006666E-6
6 0 5 3.823583196183067E-5
6 0 6 6.649709906405333E-5
6 0 7 8.312137383006666E-6
6 0 8 3.657340448522933E-5
6 0 9 1.6624274766013333E-5
6 1 0 1.2135720579189733E-4
6 1 1 7.946403338154373E-4
6 1 10 3.44122487656476E-4
6 1 11 4.3223114391634666E-4
6 1 2 2.3273984672418665E-4
6 1 3 7.746912040962214E-4
6 1 4 1.8286702242614666E-4
6 1 5 3.64071617375692E-4
6 1 6 4.93740960550596E-4
6 1 7 3.4910977008628E-5
6 1 8 5.78524761857264E-4
6 1 9 2.54351403920004E-4
6 10 0 2.676508237328147E-4
6 10 1 4.4885541868236E-4
6 10 10 6.799328379299453E-4
6 10 11 4.7545425830798133E-4
6 10 2 3.823583196183067E-5
6 10 3 4.78779113261184E-4
6 10 4 5.652253420444533E-5
6 10 5 8.844114175519093E-4
6 10 6 5.951490366232773E-4
6 10 7 4.322311439163466E-5
6 10 8 8.528252954964839E-4
6 10 9 2.3273984672418664E-5
6 11 0 4.987282429804E-6
6 11 1 1.2135720579189733E-4
6 11 10 1.9117915980915333E-4
6 11 11 8.9771083736472E-5
6 11 2 4.322311439163466E-5
6 11 3 6.815952654065466E-5
6 11 4 1.8286702242614666E-5
6 11 5 2.161155719581733E-5
6 11 6 1.8785430485595067E-4
6 11 7 4.987282429804E-6
6 11 8 6.815952654065466E-5
6 11 9 2.6598839625621334E-5
6 2 0 2.161155719581733E-5
6 2 1 2.2609013681778133E-4
6 2 10 2.3273984672418664E-5
6 2 11 6.815952654065466E-5
6 2 2 1.9949129719216E-5
6 2 3 3.657340448522933E-5
6 2 4 9.974564859608E-6
6 2 5 1.1636992336209332E-5
6 2 6 7.813409140026266E-5
6 2 7 6.649709906405333E-6
6 2 8 9.974564859608E-6
6 2 9 1.4961847289412E-5
6 3 0 6.067860289594866E-4
6 3 1 4.7379183083138E-4
6 3 10 0.0010755905773610626
6 3 11 1.0473293102588399E-4
6 3 2 5.319767925124267E-5
6 3 3 4.7379183083138E-4
6 3 4 3.008993732648413E-4
6 3 5 9.658703639053747E-4
6 3 6 5.38626502418832E-4
6 3 7 3.823583196183067E-5
6 3 8 2.2609013681778133E-4
6 3 9 1.7455488504313998E-4
6 4 0 3.823583196183067E-5
6 4 1 3.04224228218044E-4
6 4 10 3.9898259438432E-5
6 4 11 1.0140807607268133E-4
6 4 2 2.2110285438797732E-4
6 4 3 0.0023805961464931093
6 4 4 1.5294332784732267E-4
6 4 5 1.9949129719216E-5
6 4 6 5.33639219989028E-4
6 4 7 9.143351121307333E-5
6 4 8 6.283975861553039E-4
6 4 9 3.3248549532026665E-5
6 5 0 4.7379183083138E-4
6 5 1 0.001082240287267468
6 5 10 0.0011238009741825013
6 5 11 1.9949129719215998E-4
6 5 2 1.6790517513673466E-4
6 5 3 0.005851744717636693
6 5 4 7.480923644705999E-5
6 5 5 0.0013282795538044653
6 5 6 0.003585856067029076
6 5 7 2.2110285438797732E-4
6 5 8 0.002211028543879773
6 5 9 1.4961847289411998E-4
6 6 0 3.4910977008628E-5
6 6 1 6.234103037255E-4
6 6 10 4.2391900653334E-4
6 6 11 9.808322111947866E-5
6 6 2 4.9872824298039995E-5
6 6 3 4.78779113261184E-4
6 6 4 2.2442770934118E-4
6 6 5 7.796784865260253E-4
6 6 6 0.001600917659967084
6 6 7 6.150981663424933E-5
6 6 8 0.0010905524246504746
6 6 9 6.4834671587452E-5
6 7 0 3.3248549532026667E-6
6 7 1 1.3299419812810667E-5
6 7 10 4.987282429804E-6
6 7 11 2.9923694578824E-5
6 7 2 1.6624274766013334E-6
6 7 3 2.4936412149019997E-5
6 7 4 2.9923694578824E-5
6 7 5 4.987282429804E-6
6 7 6 2.2609013681778133E-4
6 7 7 5.9847389157648E-5
6 7 8 1.5294332784732267E-4
6 7 9 2.9923694578824E-5
6 8 0 1.79542167472944E-4
6 8 1 5.552507771848453E-4
6 8 10 0.004934084750552757
6 8 11 2.6266354130301066E-4
6 8 2 5.319767925124267E-5
6 8 3 7.597293568068093E-4
6 8 4 2.29414991770984E-4
6 8 5 6.450218609213173E-4
6 8 6 0.0037288248300167905
6 8 7 4.9872824298039995E-5
6 8 8 0.0013332668362342694
6 8 9 0.001955014712483168
6 9 0 3.4910977008628E-5
6 9 1 4.2558143400994134E-4
6 9 10 4.8210396821438665E-5
6 9 11 4.322311439163466E-5
6 9 2 1.6624274766013334E-6
6 9 3 5.652253420444533E-5
6 9 4 2.4936412149019997E-5
6 9 5 2.6598839625621334E-5
6 9 6 1.54605755323924E-4
6 9 7 1.1636992336209332E-5
6 9 8 5.569132046614467E-4
6 9 9 9.143351121307333E-5
7 0 0 5.319767925124266E-4
7 0 1 3.7570860971190134E-4
7 0 10 5.269895100826227E-4
7 0 11 4.987282429804E-6
7 0 2 2.1611557195817333E-4
7 0 3 3.93995311954516E-4
7 0 4 3.657340448522933E-5
7 0 5 2.0946586205176798E-4
7 0 6 2.161155719581733E-5
7 0 7 4.970658155037987E-4
7 0 8 2.1279071700497067E-4
7 0 9 6.4834671587452E-5
7 1 0 4.920785330739946E-4
7 1 1 1.6624274766013333E-4
7 1 10 4.455305637291573E-4
7 1 11 1.8286702242614666E-5
7 1 2 1.9949129719216E-5
7 1 3 1.9616644223895732E-4
7 1 4 2.8261267102222667E-5
7 1 5 2.111282895283693E-4
7 1 6 9.974564859608E-6
7 1 7 1.9117915980915333E-4
7 1 8 2.7762538859242266E-4
7 1 9 1.3299419812810667E-5
7 10 0 9.525709440925639E-4
7 10 1 0.0010007813409140026
7 10 10 4.88753678120792E-4
7 10 11 2.4770169401359867E-4
7 10 2 2.2609013681778133E-4
7 10 3 5.353016474656294E-4
7 10 4 1.8286702242614666E-4
7 10 5 9.908067760543947E-4
7 10 6 2.161155719581733E-5
7 10 7 8.32876165777268E-4
7 10 8 0.0021877545592073546
7 10 9 2.3772712915399067E-4
7 11 0 2.6598839625621334E-5
7 11 1 2.9923694578824E-5
7 11 10 2.4271441158379466E-4
7 11 11 2.9923694578824E-5
7 11 2 2.6598839625621334E-5
7 11 3 3.823583196183067E-5
7 11 4 6.649709906405333E-6
7 11 5 3.3248549532026665E-5
7 11 6 5.818496168104666E-5
7 11 7 4.654796934483733E-5
7 11 8 2.6598839625621334E-5
7 11 9 9.974564859608E-6
7 2 0 2.5601383139660535E-4
7 2 1 1.4961847289412E-5
7 2 10 2.1279071700497067E-4
7 2 11 1.8286702242614666E-5
7 2 2 1.4629361794091732E-4
7 2 3 4.1893172410353597E-4
7 2 4 8.145894635346532E-5
7 2 5 2.0115372466876134E-4
7 2 6 6.649709906405333E-6
7 2 7 1.6790517513673466E-4
7 2 8 7.148438149385733E-5
7 2 9 8.644622878326933E-5
7 3 0 7.87990623909032E-4
7 3 1 3.59084334945888E-4
7 3 10 0.0010406796003524347
7 3 11 9.4758366166276E-5
7 3 2 3.79033464665104E-4
7 3 3 2.7762538859242266E-4
7 3 4 1.8452944990274799E-4
7 3 5 0.0011437501039017173
7 3 6 3.3248549532026665E-5
7 3 7 8.17914318487856E-4
7 3 8 2.69313251209416E-4
7 3 9 2.3273984672418664E-5
7 4 0 5.153525177464133E-5
7 4 1 1.39643908034512E-4
7 4 10 7.314680897045866E-5
7 4 11 2.8261267102222667E-5
7 4 2 3.9898259438432E-5
7 4 3 1.44631190464316E-4
7 4 4 5.153525177464133E-5
7 4 5 2.610011138264093E-4
7 4 6 7.314680897045866E-5
7 4 7 1.4961847289411998E-4
7 4 8 6.4834671587452E-5
7 4 9 2.4936412149019997E-5
7 5 0 0.0013598656758598907
7 5 1 3.008993732648413E-4
7 5 10 4.854288231675893E-4
7 5 11 9.642079364287733E-5
7 5 2 5.53588349708244E-4
7 5 3 0.005092015360829883
7 5 4 4.0230744933752267E-4
7 5 5 0.0017472112779080013
7 5 6 9.642079364287733E-5
7 5 7 0.00471298189616478
7 5 8 0.001991588116968397
7 5 9 2.29414991770984E-4
7 6 0 9.974564859608E-6
7 6 1 2.3273984672418664E-5
7 6 10 4.654796934483733E-5
7 6 11 5.4860106727844E-5
7 6 2 9.974564859608E-6
7 6 3 6.317224411085066E-5
7 6 4 8.312137383006667E-5
7 6 5 1.0639535850248533E-4
7 6 6 1.0307050354928266E-4
7 6 7 8.4783801306668E-5
7 6 8 7.148438149385733E-5
7 6 9 1.9949129719216E-5
7 7 0 3.59084334945888E-4
7 7 1 1.94504014762356E-4
7 7 10 4.13944441673732E-4
7 7 11 3.823583196183067E-5
7 7 2 1.5294332784732267E-4
7 7 3 3.7737103718850265E-4
7 7 4 4.654796934483733E-5
7 7 5 8.561501504496866E-4
7 7 6 4.8210396821438665E-5
7 7 7 0.002473692085182784
7 7 8 0.0015676691104350572
7 7 9 2.0281615214536266E-4
7 8 0 0.0010755905773610626
7 8 1 2.3606470167738934E-4
7 8 10 0.012247103220122022
7 8 11 1.5294332784732267E-4
7 8 2 8.4783801306668E-5
7 8 3 7.796784865260253E-4
7 8 4 1.14707495885492E-4
7 8 5 0.0012252090502551827
7 8 6 2.1777799943477466E-4
7 8 7 0.007108539889947301
7 8 8 0.0010739281498844612
7 8 9 2.19440426911376E-4
7 9 0 9.4758366166276E-5
7 9 1 2.8261267102222667E-5
7 9 10 0.0011553870962379266
7 9 11 7.647166392366134E-5
7 9 2 5.153525177464133E-5
7 9 3 1.4961847289412E-5
7 9 4 5.4860106727844E-5
7 9 5 1.5128090037072134E-4
7 9 6 1.3299419812810667E-5
7 9 7 6.283975861553039E-4
7 9 8 6.815952654065466E-5
7 9 9 1.44631190464316E-4
8 0 0 0.0012351836151147906
8 0 1 0.0016192043622096986
8 0 10 0.00194504014762356
8 0 11 1.8286702242614666E-5
8 0 2 1.8120459494954533E-4
8 0 3 0.0014995095838944027
8 0 4 6.4834671587452E-5
8 0 5 0.0014446494771665585
8 0 6 1.44631190464316E-4
8 0 7 0.0010506541652120427
8 0 8 0.0012152344853955746
8 0 9 4.9872824298039995E-5
8 1 0 7.796784865260253E-4
8 1 1 6.051236014828854E-4
8 1 10 3.5575947999268533E-4
8 1 11 3.2417335793726E-4
8 1 2 6.4834671587452E-5
8 1 3 6.63308563163932E-4
8 1 4 3.89008029524712E-4
8 1 5 3.4744734260967866E-4
8 1 6 1.3299419812810666E-4
8 1 7 6.150981663424933E-5
8 1 8 0.0010722657224078599
8 1 9 1.7289245756653865E-4
8 10 0 0.012707595631140592
8 10 1 0.0011786610809103454
8 10 10 0.0020979834754708826
8 10 11 0.0044652802021511815
8 10 2 1.4130633551111334E-4
8 10 3 0.0010273801805396239
8 10 4 1.4961847289411998E-4
8 10 5 0.0010855651422206707
8 10 6 6.33384868585108E-4
8 10 7 0.0011936229281997574
8 10 8 0.009081841304673084
8 10 9 3.3248549532026665E-5
8 11 0 2.3273984672418664E-5
8 11 1 3.9732016690771865E-4
8 11 10 0.001291706149319236
8 11 11 2.7097567868601734E-4
8 11 2 1.69567602613336E-4
8 11 3 9.159975396073346E-4
8 11 4 2.8261267102222667E-5
8 11 5 1.2135720579189733E-4
8 11 6 2.7263810616261864E-4
8 11 7 1.6624274766013333E-5
8 11 8 3.6905889980549597E-4
8 11 9 1.0473293102588399E-4
8 2 0 3.158612205542533E-5
8 2 1 1.5294332784732267E-4
8 2 10 2.6598839625621334E-5
8 2 11 9.642079364287733E-5
8 2 2 1.8286702242614666E-5
8 2 3 3.258357854138613E-4
8 2 4 1.4961847289412E-5
8 2 5 1.0307050354928266E-4
8 2 6 5.4860106727844E-5
8 2 7 2.6598839625621334E-5
8 2 8 5.153525177464133E-5
8 2 9 6.649709906405333E-6
8 3 0 0.0012833940119362293
8 3 1 0.001625854072116104
8 3 10 0.0013897893704387146
8 3 11 6.43359433444716E-4
8 3 2 2.3440227420078798E-4
8 3 3 0.0022376273835053944
8 3 4 9.891443485777933E-4
8 3 5 0.0017970841022060412
8 3 6 5.58575632138048E-4
8 3 7 6.283975861553039E-4
8 3 8 0.0014479743321197613
8 3 9 7.647166392366134E-5
8 4 0 4.8210396821438665E-5
8 4 1 6.766079829767426E-4
8 4 10 8.644622878326933E-5
8 4 11 4.8210396821438665E-5
8 4 2 8.312137383006666E-6
8 4 3 0.001067278439978056
8 4 4 1.2301963326849866E-4
8 4 5 1.1636992336209332E-5
8 4 6 2.2110285438797732E-4
8 4 7 6.150981663424933E-5
8 4 8 3.39135205226672E-4
8 4 9 1.1636992336209332E-5
8 5 0 0.00204478579621964
8 5 1 6.217478762488986E-4
8 5 10 3.6240918989909065E-4
8 5 11 3.4246006017987464E-4
8 5 2 4.205941515801373E-4
8 5 3 0.0010689408674546574
8 5 4 1.3299419812810667E-5
8 5 5 6.4834671587452E-4
8 5 6 0.001416388210064336
8 5 7 0.0013781523781025054
8 5 8 0.0010157431882034146
8 5 9 4.4885541868236E-5
8 6 0 1.2634448822170132E-4
8 6 1 7.63054211760012E-4
8 6 10 0.0016474656293119212
8 6 11 1.3133177065150533E-4
8 6 2 9.309593868967466E-5
8 6 3 8.794241351221053E-4
8 6 4 0.0021079580403304907
8 6 5 0.005737037221751201
8 6 6 0.001002443768390604
8 6 7 2.9923694578824E-5
8 6 8 0.0025368643292936347
8 6 9 5.319767925124266E-4
8 7 0 6.53333998304324E-4
8 7 1 5.203398001762174E-4
8 7 10 0.0033098931059132547
8 7 11 1.3133177065150533E-4
8 7 2 2.0946586205176798E-4
8 7 3 0.001231858760161588
8 7 4 2.04478579621964E-4
8 7 5 0.007479261217229399
8 7 6 1.1636992336209333E-4
8 7 7 0.0012002726381061626
8 7 8 0.0063388359682808836
8 7 9 8.145894635346532E-5
8 8 0 7.131813874619719E-4
8 8 1 5.918241816700746E-4
8 8 10 0.0023672967266802985
8 8 11 4.2724386148654264E-4
8 8 2 5.652253420444533E-5
8 8 3 0.002009874819211012
8 8 4 3.657340448522933E-4
8 8 5 6.865825478363506E-4
8 8 6 0.0013997639352983226
8 8 7 0.001127125829135704
8 8 8 0.0059830764882881984
8 8 9 6.134357388658919E-4
8 9 0 8.9771083736472E-5
8 9 1 4.88753678120792E-4
8 9 10 1.0639535850248533E-4
8 9 11 8.594750054028894E-4
8 9 3 1.4296876298771467E-4
8 9 4 5.319767925124267E-5
8 9 5 6.150981663424933E-5
8 9 6 3.457849151330773E-4
8 9 7 1.1636992336209332E-5
8 9 8 0.002330723322195069
8 9 9 1.8619187737934932E-4
9 0 0 6.150981663424933E-5
9 0 1 2.29414991770984E-4
9 0 10 2.44376839060396E-4
9 0 11 4.1560686915033333E-5
9 0 2 1.0140807607268133E-4
9 0 3 1.14707495885492E-4
9 0 4 3.3248549532026665E-5
9 0 5 8.145894635346532E-5
9 0 6 3.4910977008628E-5
9 0 7 1.6125546523032932E-4
9 0 8 9.974564859608E-6
9 0 9 1.7123003008993732E-4
9 1 0 1.6624274766013333E-4
9 1 1 2.59338686349808E-4
9 1 10 3.3248549532026665E-5
9 1 11 1.5793061027712666E-4
9 1 2 1.6624274766013333E-5
9 1 3 1.54605755323924E-4
9 1 4 5.153525177464133E-5
9 1 5 4.654796934483733E-5
9 1 6 1.0473293102588399E-4
9 1 7 1.6624274766013333E-5
9 1 8 5.7353747942746E-4
9 1 9 2.659883962562133E-4
9 10 0 0.0015809685302478678
9 10 1 4.9872824298039995E-5
9 10 10 2.1611557195817333E-4
9 10 11 1.0639535850248533E-4
9 10 2 1.0639535850248533E-4
9 10 3 3.823583196183067E-5
9 10 4 2.6598839625621334E-5
9 10 5 1.7621731251974134E-4
9 10 6 3.158612205542533E-5
9 10 7 1.9616644223895732E-4
9 10 8 4.322311439163466E-5
9 10 9 9.193223945605373E-4
9 11 0 1.246820607451E-4
9 11 1 6.317224411085066E-4
9 11 10 4.9872824298039995E-5
9 11 11 4.4885541868236E-5
9 11 2 9.974564859608E-6
9 11 3 2.3273984672418664E-5
9 11 4 1.6624274766013333E-5
9 11 5 1.4961847289412E-5
9 11 6 2.4936412149019997E-5
9 11 7 6.649709906405333E-6
9 11 8 5.652253420444533E-5
9 11 9 4.654796934483733E-4
9 2 0 1.0140807607268133E-4
9 2 1 6.649709906405333E-6
9 2 10 5.818496168104666E-5
9 2 11 6.649709906405333E-6
9 2 2 2.161155719581733E-5
9 2 3 4.8210396821438665E-5
9 2 4 2.8261267102222667E-5
9 2 5 6.317224411085066E-5
9 2 6 3.3248549532026667E-6
9 2 7 2.161155719581733E-5
9 2 8 1.6624274766013334E-6
9 2 9 9.4758366166276E-5
9 3 0 7.9796518876864E-5
9 3 1 8.312137383006667E-5
9 3 10 3.823583196183067E-5
9 3 11 6.649709906405333E-6
9 3 2 4.654796934483733E-5
9 3 3 7.148438149385733E-5
9 3 4 6.150981663424933E-5
9 3 5 7.813409140026266E-5
9 3 6 6.815952654065466E-5
9 3 7 9.974564859608E-6
9 3 8 1.3299419812810667E-5
9 3 9 5.818496168104666E-5
9 4 0 4.322311439163466E-5
9 4 1 1.1636992336209332E-5
9 4 10 2.161155719581733E-5
9 4 11 3.657340448522933E-5
9 4 2 4.9872824298039995E-5
9 4 3 2.3273984672418664E-5
9 4 4 7.148438149385733E-5
9 4 5 9.808322111947866E-5
9 4 6 4.9872824298039995E-5
9 4 7 3.823583196183067E-5
9 4 8 1.4961847289412E-5
9 4 9 7.148438149385733E-5
9 5 0 1.79542167472944E-4
9 5 1 3.9898259438432E-5
9 5 10 3.823583196183067E-5
9 5 11 1.3299419812810667E-5
9 5 2 9.4758366166276E-5
9 5 3 5.4860106727844E-5
9 5 4 9.309593868967466E-5
9 5 5 5.818496168104666E-5
9 5 6 6.9821954017256E-5
9 5 7 2.3606470167738934E-4
9 5 8 3.657340448522933E-5
9 5 9 1.64580320183532E-4
9 6 0 1.9949129719216E-5
9 6 1 3.8235831961830666E-4
9 6 10 2.6598839625621334E-5
9 6 11 8.312137383006666E-6
9 6 2 3.3248549532026667E-6
9 6 3 2.6266354130301066E-4
9 6 4 3.3248549532026665E-5
9 6 5 1.3133177065150533E-4
9 6 6 8.145894635346532E-5
9 6 7 1.6624274766013334E-6
9 6 8 1.7621731251974134E-4
9 6 9 2.0115372466876134E-4
9 7 0 7.148438149385733E-5
9 7 1 2.161155719581733E-5
9 7 10 2.7762538859242266E-4
9 7 11 2.6598839625621334E-5
9 7 2 1.0805778597908666E-4
9 7 3 4.8210396821438665E-5
9 7 4 9.143351121307333E-5
9 7 5 5.203398001762174E-4
9 7 6 2.4936412149019997E-5
9 7 7 1.0140807607268133E-4
9 7 8 1.4961847289412E-5
9 7 9 6.067860289594866E-4
9 8 0 1.8619187737934932E-4
9 8 1 6.300600136319053E-4
9 8 10 1.69567602613336E-4
9 8 11 1.7455488504313998E-4
9 8 2 5.9847389157648E-5
9 8 3 3.308230678436653E-4
9 8 4 1.9616644223895732E-4
9 8 5 3.258357854138613E-4
9 8 6 0.0018585939188402905
9 8 7 9.309593868967466E-5
9 8 8 7.813409140026267E-4
9 8 9 7.763536315728226E-4
9 9 0 3.823583196183067E-5
9 9 1 7.480923644705999E-5
9 9 10 2.493641214902E-4
9 9 11 5.652253420444533E-5
9 9 2 4.1560686915033333E-5
9 9 3 2.8261267102222667E-5
9 9 4 3.158612205542533E-5
9 9 5 5.9847389157648E-5
9 9 6 6.815952654065466E-5
9 9 7 1.0473293102588399E-4
9 9 8 2.4105198410719333E-4
9 9 9 3.7570860971190134E-4
