147386
0 0 0 1665
0 0 1 355
0 0 10 414
0 0 11 3
0 0 2 80
0 0 3 218
0 0 4 5
0 0 5 569
0 0 6 11
0 0 7 214
0 0 8 206
0 0 9 7
0 1 0 1057
0 1 1 118
0 1 10 221
0 1 11 26
0 1 2 8
0 1 3 2186
0 1 4 15
0 1 5 396
0 1 6 48
0 1 7 76
0 1 8 235
0 1 9 5
0 10 0 1388
0 10 1 449
0 10 10 373
0 10 11 31
0 10 2 104
0 10 3 305
0 10 4 17
0 10 5 654
0 10 6 34
0 10 7 133
0 10 8 2180
0 10 9 213
0 11 1 3
0 11 10 2
0 11 3 3
0 11 8 1
0 2 0 200
0 2 1 1
0 2 10 47
0 2 11 1
0 2 2 61
0 2 3 618
0 2 4 1
0 2 5 71
0 2 6 16
0 2 7 87
0 2 8 15
0 2 9 9
0 3 0 160
0 3 1 484
0 3 10 253
0 3 11 13
0 3 2 153
0 3 3 134
0 3 4 30
0 3 5 349
0 3 6 16
0 3 7 110
0 3 8 124
0 3 9 4
0 4 0 9
0 4 1 1
0 4 10 1
0 4 11 1
0 4 3 14
0 4 4 2
0 4 6 4
0 4 7 1
0 4 8 5
0 5 0 550
0 5 1 113
0 5 10 331
0 5 11 4
0 5 2 49
0 5 3 468
0 5 4 4
0 5 5 657
0 5 6 96
0 5 7 298
0 5 8 297
0 5 9 20
0 6 0 6
0 6 1 22
0 6 10 25
0 6 11 1
0 6 2 4
0 6 3 5
0 6 5 72
0 6 6 5
0 6 7 7
0 6 8 21
0 7 0 223
0 7 1 33
0 7 10 117
0 7 11 4
0 7 2 48
0 7 3 106
0 7 4 2
0 7 5 287
0 7 6 1
0 7 7 144
0 7 8 289
0 7 9 27
0 8 0 161
0 8 1 50
0 8 10 304
0 8 11 9
0 8 2 1
0 8 3 95
0 8 4 7
0 8 5 98
0 8 6 29
0 8 7 204
0 8 8 110
0 9 0 9
0 9 1 3
0 9 10 38
0 9 2 10
0 9 3 2
0 9 5 8
0 9 6 2
0 9 7 8
0 9 9 5
1 0 0 297
1 0 1 975
1 0 10 2140
1 0 11 2
1 0 2 21
1 0 3 516
1 0 4 8
1 0 5 426
1 0 6 50
1 0 7 121
1 0 8 162
1 0 9 1
1 1 0 94
1 1 1 54
1 1 10 48
1 1 11 12
1 1 2 3
1 1 3 119
1 1 4 5
1 1 5 50
1 1 6 6
1 1 7 7
1 1 8 56
1 1 9 1
1 10 0 188
1 10 1 48
1 10 10 135
1 10 11 46
1 10 2 5
1 10 3 75
1 10 4 3
1 10 5 142
1 10 6 24
1 10 7 21
1 10 8 105
1 10 9 4
1 11 0 11
1 11 1 22
1 11 10 328
1 11 11 10
1 11 3 56
1 11 4 1
1 11 5 9
1 11 6 39
1 11 7 14
1 11 8 11
1 2 0 7
1 2 10 1
1 2 2 1
1 2 3 11
1 2 5 9
1 2 7 2
1 2 9 1
1 3 0 237
1 3 1 901
1 3 10 305
1 3 11 19
1 3 2 17
1 3 3 238
1 3 4 187
1 3 5 1546
1 3 6 58
1 3 7 57
1 3 8 228
1 3 9 1
1 4 0 8
1 4 1 6
1 4 10 2
1 4 11 2
1 4 3 41
1 4 4 1
1 4 5 4
1 4 6 6
1 4 7 2
1 4 8 22
1 5 0 159
1 5 1 108
1 5 10 211
1 5 11 1
1 5 2 11
1 5 3 392
1 5 5 270
1 5 6 75
1 5 7 99
1 5 8 85
1 5 9 1
1 6 0 7
1 6 1 17
1 6 10 22
1 6 11 1
1 6 3 12
1 6 4 3
1 6 5 53
1 6 6 8
1 6 7 5
1 6 8 27
1 7 0 32
1 7 1 8
1 7 10 9
1 7 2 4
1 7 3 14
1 7 4 3
1 7 5 35
1 7 7 28
1 7 8 84
1 7 9 2
1 8 0 99
1 8 1 73
1 8 10 268
1 8 11 8
1 8 2 3
1 8 3 140
1 8 4 8
1 8 5 104
1 8 6 57
1 8 7 116
1 8 8 109
1 8 9 1
1 9 0 3
1 9 1 1
1 9 10 8
1 9 9 1
10 0 0 443
10 0 1 1936
10 0 10 1229
10 0 11 1
10 0 2 488
10 0 3 375
10 0 4 10
10 0 5 663
10 0 6 50
10 0 7 274
10 0 8 228
10 0 9 29
10 1 0 527
10 1 1 58
10 1 10 140
10 1 11 78
10 1 2 5
10 1 3 242
10 1 4 8
10 1 5 228
10 1 6 20
10 1 7 22
10 1 8 100
10 10 0 495
10 10 1 190
10 10 10 695
10 10 11 81
10 10 2 65
10 10 3 374
10 10 5 566
10 10 6 84
10 10 7 108
10 10 8 353
10 10 9 34
10 11 0 8
10 11 1 248
10 11 10 307
10 11 11 13
10 11 2 4
10 11 3 75
10 11 5 13
10 11 6 29
10 11 7 20
10 11 8 31
10 2 0 123
10 2 10 37
10 2 11 1
10 2 2 32
10 2 3 78
10 2 5 60
10 2 6 7
10 2 7 42
10 2 8 11
10 2 9 14
10 3 0 132
10 3 1 288
10 3 10 431
10 3 11 21
10 3 2 84
10 3 3 263
10 3 4 22
10 3 5 428
10 3 6 69
10 3 7 71
10 3 8 140
10 3 9 4
10 4 0 5
10 4 1 3
10 4 10 1
10 4 11 2
10 4 3 12
10 4 4 2
10 4 5 3
10 4 6 3
10 4 8 7
10 5 0 423
10 5 1 169
10 5 10 625
10 5 11 11
10 5 2 75
10 5 3 581
10 5 4 2
10 5 5 752
10 5 6 193
10 5 7 340
10 5 8 254
10 5 9 19
10 6 0 12
10 6 1 25
10 6 10 78
10 6 11 1
10 6 2 5
10 6 3 32
10 6 5 121
10 6 6 24
10 6 7 8
10 6 8 64
10 6 9 1
10 7 0 105
10 7 1 15
10 7 10 69
10 7 11 5
10 7 2 26
10 7 3 41
10 7 5 139
10 7 7 76
10 7 8 333
10 7 9 27
10 8 0 409
10 8 1 139
10 8 10 1167
10 8 11 87
10 8 2 12
10 8 3 428
10 8 4 13
10 8 5 231
10 8 6 629
10 8 7 1975
10 8 8 243
10 8 9 2
10 9 0 41
10 9 1 4
10 9 10 167
10 9 2 18
10 9 3 13
10 9 4 1
10 9 5 15
10 9 6 1
10 9 7 176
10 9 9 9
11 0 0 6
11 0 1 3
11 0 10 7
11 0 2 3
11 0 3 3
11 0 5 4
11 0 8 6
11 1 0 10
11 1 1 2
11 1 10 29
11 1 11 176
11 1 3 88
11 1 5 8
11 1 7 3
11 1 8 15
11 10 0 49
11 10 1 64
11 10 10 96
11 10 11 181
11 10 2 1
11 10 3 100
11 10 5 38
11 10 6 21
11 10 7 17
11 10 8 266
11 10 9 1
11 11 1 6
11 11 10 20
11 11 11 4
11 11 3 5
11 11 5 1
11 11 6 1
11 11 7 2
11 11 8 5
11 2 3 6
11 2 5 1
11 2 7 1
11 2 8 1
11 3 0 8
11 3 1 44
11 3 10 35
11 3 11 10
11 3 2 6
11 3 3 47
11 3 4 1
11 3 5 25
11 3 6 8
11 3 7 6
11 3 8 28
11 4 1 1
11 4 3 2
11 5 0 4
11 5 1 2
11 5 10 3
11 5 11 1
11 5 2 2
11 5 3 7
11 5 5 6
11 5 6 6
11 5 7 9
11 5 8 4
11 6 0 3
11 6 1 6
11 6 10 20
11 6 2 1
11 6 3 21
11 6 4 1
11 6 5 22
11 6 6 6
11 6 7 1
11 6 8 10
11 7 0 5
11 7 1 2
11 7 10 6
11 7 11 3
11 7 3 5
11 7 5 13
11 7 7 7
11 7 8 19
11 8 0 2
11 8 1 3
11 8 10 31
11 8 11 2
11 8 3 15
11 8 5 4
11 8 6 6
11 8 7 15
11 8 8 14
11 9 8 3
2 0 0 74
2 0 1 9
2 0 10 557
2 0 11 1
2 0 2 247
2 0 3 163
2 0 5 72
2 0 6 13
2 0 7 103
2 0 8 12
2 0 9 13
2 1 0 2
2 1 1 1
2 1 2 1
2 10 0 49
2 10 1 8
2 10 10 44
2 10 11 7
2 10 2 28
2 10 3 14
2 10 5 36
2 10 6 4
2 10 7 28
2 10 8 23
2 10 9 10
2 11 10 4
2 11 6 1
2 11 7 1
2 11 8 1
2 2 0 55
2 2 1 1
2 2 10 32
2 2 2 72
2 2 3 48
2 2 5 32
2 2 7 51
2 2 8 2
2 2 9 8
2 3 0 76
2 3 1 15
2 3 10 140
2 3 11 4
2 3 2 307
2 3 3 52
2 3 5 739
2 3 6 15
2 3 7 91
2 3 8 25
2 3 9 10
2 4 4 1
2 4 5 1
2 4 7 1
2 5 0 40
2 5 1 5
2 5 10 79
2 5 11 1
2 5 2 23
2 5 3 160
2 5 4 1
2 5 5 39
2 5 6 17
2 5 7 63
2 5 8 9
2 5 9 8
2 6 0 1
2 6 1 3
2 6 10 10
2 6 2 4
2 6 3 2
2 6 5 10
2 6 6 1
2 6 7 1
2 6 8 5
2 7 0 41
2 7 1 2
2 7 10 48
2 7 2 60
2 7 3 33
2 7 4 1
2 7 5 73
2 7 6 3
2 7 7 81
2 7 8 37
2 7 9 26
2 8 0 5
2 8 10 22
2 8 2 3
2 8 3 14
2 8 6 8
2 8 7 19
2 8 8 4
2 9 0 6
2 9 10 29
2 9 2 6
2 9 3 3
2 9 4 1
2 9 5 5
2 9 6 1
2 9 7 9
2 9 9 2
3 0 0 127
3 0 1 412
3 0 10 207
3 0 2 68
3 0 3 87
3 0 4 3
3 0 5 124
3 0 6 8
3 0 7 82
3 0 8 60
3 0 9 1
3 1 0 2398
3 1 1 92
3 1 10 138
3 1 11 177
3 1 2 6
3 1 3 590
3 1 4 46
3 1 5 459
3 1 6 37
3 1 7 50
3 1 8 342
3 1 9 5
3 10 0 439
3 10 1 162
3 10 10 447
3 10 11 53
3 10 2 41
3 10 3 301
3 10 4 4
3 10 5 382
3 10 6 49
3 10 7 111
3 10 8 391
3 10 9 16
3 11 0 4
3 11 1 15
3 11 10 37
3 11 11 5
3 11 2 2
3 11 3 28
3 11 5 7
3 11 6 7
3 11 7 4
3 11 8 18
3 2 0 677
3 2 10 54
3 2 11 2
3 2 2 50
3 2 3 410
3 2 5 160
3 2 6 4
3 2 7 96
3 2 8 26
3 2 9 11
3 3 0 127
3 3 1 239
3 3 10 287
3 3 11 21
3 3 2 52
3 3 3 375
3 3 4 73
3 3 5 322
3 3 6 71
3 3 7 73
3 3 8 209
3 3 9 3
3 4 0 18
3 4 1 16
3 4 10 6
3 4 11 12
3 4 3 232
3 4 4 14
3 4 5 3
3 4 6 147
3 4 7 5
3 4 8 58
3 5 0 430
3 5 1 178
3 5 10 550
3 5 11 16
3 5 2 81
3 5 3 1235
3 5 4 2
3 5 5 632
3 5 6 728
3 5 7 1226
3 5 8 334
3 5 9 11
3 6 0 15
3 6 1 31
3 6 10 118
3 6 11 4
3 6 2 11
3 6 3 53
3 6 4 21
3 6 5 229
3 6 6 20
3 6 7 8
3 6 8 42
3 6 9 1
3 7 0 114
3 7 1 13
3 7 10 95
3 7 11 7
3 7 2 36
3 7 3 84
3 7 4 2
3 7 5 220
3 7 6 1
3 7 7 75
3 7 8 158
3 7 9 8
3 8 0 95
3 8 1 64
3 8 10 297
3 8 11 22
3 8 2 5
3 8 3 268
3 8 4 18
3 8 5 107
3 8 6 95
3 8 7 176
3 8 8 174
3 9 0 5
3 9 1 2
3 9 10 20
3 9 2 1
3 9 3 2
3 9 5 3
3 9 6 1
3 9 7 4
3 9 9 2
4 0 0 9
4 0 1 21
4 0 10 6
4 0 3 4
4 0 4 2
4 0 5 1
4 0 7 1
4 0 8 10
4 1 0 5
4 1 1 5
4 1 3 21
4 1 4 5
4 1 5 1
4 1 8 7
4 10 0 7
4 10 1 2
4 10 3 4
4 10 5 2
4 10 7 1
4 10 8 5
4 10 9 1
4 11 0 1
4 11 1 5
4 11 10 8
4 11 11 4
4 11 3 5
4 11 5 4
4 11 6 2
4 11 8 3
4 3 0 17
4 3 1 170
4 3 10 26
4 3 11 5
4 3 2 1
4 3 3 64
4 3 4 107
4 3 5 32
4 3 6 25
4 3 7 12
4 3 8 61
4 4 0 1
4 4 1 4
4 4 10 1
4 4 3 7
4 4 4 3
4 4 5 2
4 4 6 2
4 4 7 1
4 4 8 8
4 4 9 1
4 5 0 5
4 5 1 1
4 5 10 1
4 5 2 2
4 5 3 6
4 5 5 2
4 5 6 1
4 5 7 5
4 5 8 1
4 6 0 1
4 6 1 7
4 6 10 2
4 6 11 1
4 6 3 18
4 6 4 110
4 6 5 3
4 6 8 35
4 7 0 2
4 7 1 2
4 7 2 1
4 7 3 3
4 7 5 10
4 7 7 1
4 7 8 2
4 7 9 1
4 8 0 5
4 8 1 8
4 8 10 25
4 8 11 4
4 8 2 1
4 8 3 28
4 8 4 8
4 8 5 8
4 8 6 12
4 8 7 8
4 8 8 29
4 9 9 1
5 0 0 664
5 0 1 364
5 0 10 565
5 0 11 1
5 0 2 78
5 0 3 222
5 0 4 2
5 0 5 576
5 0 6 26
5 0 7 198
5 0 8 161
5 0 9 11
5 1 0 313
5 1 1 56
5 1 10 112
5 1 11 8
5 1 2 4
5 1 3 233
5 1 5 145
5 1 6 19
5 1 7 29
5 1 8 66
5 1 9 1
5 10 0 543
5 10 1 201
5 10 10 553
5 10 11 44
5 10 2 54
5 10 3 247
5 10 4 3
5 10 5 794
5 10 6 54
5 10 7 127
5 10 8 455
5 10 9 34
5 11 1 6
5 11 10 31
5 11 11 2
5 11 2 1
5 11 3 6
5 11 5 3
5 11 6 3
5 11 7 5
5 11 8 3
5 2 0 67
5 2 1 1
5 2 10 29
5 2 11 1
5 2 2 24
5 2 3 145
5 2 4 2
5 2 5 38
5 2 6 2
5 2 7 34
5 2 8 7
5 2 9 10
5 3 0 223
5 3 1 1833
5 3 10 572
5 3 11 12
5 3 2 763
5 3 3 320
5 3 4 25
5 3 5 1368
5 3 6 223
5 3 7 241
5 3 8 233
5 3 9 11
5 4 1 1
5 4 10 3
5 4 3 2
5 4 5 4
5 4 7 6
5 4 8 1
5 5 0 658
5 5 1 209
5 5 10 645
5 5 11 5
5 5 2 57
5 5 3 606
5 5 4 2
5 5 5 1553
5 5 6 252
5 5 7 371
5 5 8 276
5 5 9 23
5 6 0 34
5 6 1 99
5 6 10 220
5 6 11 3
5 6 2 16
5 6 3 54
5 6 4 7
5 6 5 732
5 6 6 34
5 6 7 18
5 6 8 715
5 6 9 2
5 7 0 325
5 7 1 61
5 7 10 240
5 7 11 7
5 7 2 77
5 7 3 128
5 7 4 3
5 7 5 654
5 7 6 5
5 7 7 180
5 7 8 1612
5 7 9 95
5 8 0 249
5 8 1 66
5 8 10 423
5 8 11 10
5 8 2 9
5 8 3 210
5 8 4 2
5 8 5 227
5 8 6 250
5 8 7 417
5 8 8 154
5 8 9 1
5 9 0 10
5 9 1 4
5 9 10 35
5 9 2 8
5 9 3 6
5 9 5 13
5 9 6 2
5 9 7 13
5 9 9 6
6 0 0 9
6 0 1 27
6 0 10 27
6 0 2 9
6 0 3 5
6 0 5 13
6 0 6 2
6 0 7 4
6 0 8 4
6 1 0 61
6 1 1 26
6 1 10 39
6 1 11 7
6 1 2 2
6 1 3 88
6 1 5 44
6 1 6 18
6 1 7 1
6 1 8 37
6 10 0 76
6 10 1 37
6 10 10 161
6 10 11 8
6 10 2 8
6 10 3 91
6 10 5 137
6 10 6 40
6 10 7 31
6 10 8 125
6 10 9 7
6 11 1 7
6 11 10 6
6 11 11 3
6 11 3 1
6 11 6 3
6 11 8 1
6 2 0 8
6 2 10 9
6 2 2 4
6 2 3 15
6 2 5 16
6 2 6 4
6 2 7 1
6 2 9 2
6 3 0 7
6 3 1 35
6 3 10 52
6 3 11 1
6 3 2 3
6 3 3 29
6 3 4 16
6 3 5 73
6 3 6 17
6 3 7 7
6 3 8 13
6 4 0 7
6 4 1 5
6 4 10 2
6 4 11 11
6 4 3 158
6 4 4 3
6 4 5 2
6 4 6 7
6 4 8 28
6 5 0 101
6 5 1 85
6 5 10 279
6 5 11 7
6 5 2 21
6 5 3 805
6 5 5 257
6 5 6 392
6 5 7 105
6 5 8 257
6 5 9 3
6 6 0 4
6 6 1 6
6 6 10 22
6 6 11 1
6 6 2 6
6 6 3 14
6 6 4 2
6 6 5 36
6 6 6 16
6 6 7 3
6 6 8 21
6 7 0 9
6 7 1 2
6 7 10 8
6 7 3 7
6 7 5 7
6 7 7 7
6 7 8 15
6 7 9 3
6 8 0 23
6 8 1 29
6 8 10 341
6 8 11 2
6 8 2 1
6 8 3 79
6 8 4 6
6 8 5 92
6 8 6 436
6 8 7 11
6 8 8 20
6 8 9 4
6 9 10 4
6 9 9 1
7 0 0 204
7 0 1 124
7 0 10 293
7 0 2 93
7 0 3 116
7 0 4 1
7 0 5 172
7 0 6 4
7 0 7 175
7 0 8 78
7 0 9 14
7 1 0 80
7 1 1 13
7 1 10 13
7 1 11 5
7 1 2 1
7 1 3 60
7 1 4 2
7 1 5 27
7 1 6 1
7 1 7 9
7 1 8 40
7 10 0 218
7 10 1 28
7 10 10 71
7 10 11 27
7 10 2 44
7 10 3 86
7 10 5 148
7 10 6 4
7 10 7 91
7 10 8 338
7 10 9 44
7 11 0 4
7 11 1 10
7 11 10 8
7 11 11 1
7 11 2 2
7 11 3 5
7 11 4 1
7 11 7 6
7 11 8 3
7 2 0 94
7 2 1 1
7 2 10 30
7 2 11 1
7 2 2 47
7 2 3 98
7 2 5 39
7 2 6 3
7 2 7 71
7 2 8 10
7 2 9 5
7 3 0 48
7 3 1 56
7 3 10 73
7 3 11 4
7 3 2 61
7 3 3 56
7 3 4 8
7 3 5 183
7 3 6 7
7 3 7 50
7 3 8 50
7 3 9 4
7 4 0 1
7 4 10 1
7 4 11 1
7 4 3 8
7 4 4 1
7 4 5 1
7 4 6 1
7 4 7 1
7 4 8 2
7 5 0 351
7 5 1 64
7 5 10 238
7 5 11 11
7 5 2 25
7 5 3 1353
7 5 4 5
7 5 5 281
7 5 6 32
7 5 7 662
7 5 8 386
7 5 9 11
7 6 1 1
7 6 2 1
7 6 4 1
7 6 5 8
7 6 6 1
7 6 8 1
7 7 0 146
7 7 1 12
7 7 10 71
7 7 11 3
7 7 2 89
7 7 3 80
7 7 5 184
7 7 6 3
7 7 7 231
7 7 8 129
7 7 9 17
7 8 0 247
7 8 1 104
7 8 10 2032
7 8 11 21
7 8 2 29
7 8 3 212
7 8 4 7
7 8 5 204
7 8 6 35
7 8 7 640
7 8 8 148
7 9 0 24
7 9 1 2
7 9 10 167
7 9 2 22
7 9 3 6
7 9 4 2
7 9 5 10
7 9 7 33
7 9 9 4
8 0 0 236
8 0 1 155
8 0 10 396
8 0 11 1
8 0 2 24
8 0 3 112
8 0 4 6
8 0 5 252
8 0 6 4
8 0 7 106
8 0 8 138
8 0 9 2
8 1 0 167
8 1 1 31
8 1 10 53
8 1 11 16
8 1 2 2
8 1 3 164
8 1 4 13
8 1 5 56
8 1 6 6
8 1 7 21
8 1 8 90
8 1 9 1
8 10 0 2029
8 10 1 242
8 10 10 431
8 10 11 272
8 10 2 25
8 10 3 339
8 10 4 11
8 10 5 515
8 10 6 56
8 10 7 144
8 10 8 1085
8 10 9 5
8 11 0 4
8 11 1 9
8 11 10 83
8 11 11 6
8 11 3 36
8 11 4 1
8 11 5 8
8 11 6 6
8 11 7 8
8 11 8 17
8 2 0 11
8 2 10 3
8 2 11 1
8 2 2 2
8 2 3 29
8 2 5 12
8 2 7 6
8 2 8 3
8 3 0 140
8 3 1 265
8 3 10 220
8 3 11 18
8 3 2 30
8 3 3 283
8 3 4 39
8 3 5 357
8 3 6 41
8 3 7 91
8 3 8 206
8 3 9 2
8 4 0 5
8 4 1 7
8 4 10 5
8 4 11 3
8 4 3 43
8 4 4 3
8 4 5 2
8 4 6 7
8 4 7 3
8 4 8 6
8 5 0 139
8 5 1 48
8 5 10 145
8 5 11 3
8 5 2 9
8 5 3 185
8 5 4 1
8 5 5 192
8 5 6 140
8 5 7 197
8 5 8 119
8 5 9 1
8 6 0 16
8 6 1 108
8 6 10 205
8 6 11 9
8 6 2 11
8 6 3 43
8 6 4 78
8 6 5 1026
8 6 6 16
8 6 7 7
8 6 8 102
8 6 9 1
8 7 0 257
8 7 1 97
8 7 10 400
8 7 11 11
8 7 2 36
8 7 3 96
8 7 4 6
8 7 5 1694
8 7 7 116
8 7 8 1000
8 7 9 7
8 8 0 135
8 8 1 77
8 8 10 242
8 8 11 16
8 8 2 3
8 8 3 203
8 8 4 14
8 8 5 116
8 8 6 62
8 8 7 134
8 8 8 296
8 8 9 3
8 9 1 2
8 9 10 1
8 9 11 3
8 9 2 1
8 9 3 1
8 9 8 6
9 0 0 9
9 0 1 7
9 0 10 39
9 0 2 16
9 0 3 4
9 0 5 17
9 0 7 5
9 0 9 6
9 1 0 7
9 1 1 1
9 1 10 1
9 1 3 4
9 1 5 7
9 10 0 242
9 10 1 3
9 10 10 36
9 10 2 26
9 10 3 23
9 10 5 42
9 10 6 3
9 10 7 23
9 10 8 7
9 10 9 74
9 11 9 3
9 2 0 18
9 2 10 11
9 2 2 9
9 2 3 12
9 2 5 7
9 2 7 11
9 2 9 2
9 3 0 1
9 3 1 2
9 3 10 7
9 3 2 12
9 3 4 1
9 3 5 7
9 3 6 2
9 3 7 1
9 3 9 1
9 4 3 1
9 4 5 2
9 4 7 2
9 5 0 8
9 5 1 1
9 5 10 10
9 5 2 5
9 5 3 5
9 5 5 13
9 5 6 2
9 5 7 12
9 6 0 1
9 6 10 1
9 6 5 4
9 6 6 2
9 7 0 17
9 7 1 2
9 7 10 36
9 7 2 18
9 7 3 3
9 7 5 103
9 7 7 12
9 7 8 1
9 7 9 57
9 8 0 1
9 8 1 1
9 8 10 1
9 8 5 1
9 8 6 1
9 8 8 1
9 8 9 3
9 9 0 5
9 9 1 2
9 9 10 9
9 9 2 4
9 9 3 1
9 9 4 1
9 9 5 2
9 9 6 1
9 9 7 6
9 9 9 5
