0 0 0 0.0112968667308971
0 0 1 0.0024086412549360185
0 0 10 0.002808950646601441
0 0 11 2.0354714830445225E-5
0 0 2 5.427923954785393E-4
0 0 3 0.0014791092776790197
0 0 4 3.3924524717408706E-5
0 0 5 0.0038606109128411113
0 0 6 7.463395437829916E-5
0 0 7 0.0014519696579050928
0 0 8 0.0013976904183572389
0 0 9 4.7494334604372194E-5
0 1 0 0.007171644525260201
0 1 1 8.006187833308455E-4
0 1 10 0.001499463992509465
0 1 11 1.764075285305253E-4
0 1 2 5.427923954785394E-5
0 1 3 0.014831802206451087
0 1 4 1.0177357415222613E-4
0 1 5 0.00268682235761877
0 1 6 3.256754372871236E-4
0 1 7 5.156527757046124E-4
0 1 8 0.0015944526617182094
0 1 9 3.3924524717408706E-5
0 10 0 0.009417448061552657
0 10 1 0.0030464223196233022
0 10 10 0.0025307695439186896
0 10 11 2.10332053247934E-4
0 10 2 7.056301141221012E-4
0 10 3 0.002069396007761931
0 10 4 1.153433840391896E-4
0 10 5 0.004437327833037059
0 10 6 2.306867680783792E-4
0 10 7 9.023923574830717E-4
0 10 8 0.014791092776790197
0 10 9 0.001445184752961611
0 11 1 2.0354714830445225E-5
0 11 10 1.3569809886963484E-5
0 11 3 2.0354714830445225E-5
0 11 8 6.784904943481742E-6
0 2 0 0.0013569809886963484
0 2 1 6.784904943481742E-6
0 2 10 3.188905323436419E-4
0 2 11 6.784904943481742E-6
0 2 2 4.1387920155238624E-4
0 2 3 0.004193071255071717
0 2 4 6.784904943481742E-6
0 2 5 4.817282509872037E-4
0 2 6 1.0855847909570788E-4
0 2 7 5.902867300829115E-4
0 2 8 1.0177357415222613E-4
0 2 9 6.106414449133568E-5
0 3 0 0.0010855847909570786
0 3 1 0.003283893992645163
0 3 10 0.0017165809507008808
0 3 11 8.820376426526264E-5
0 3 2 0.0010380904563527065
0 3 3 9.091772624265534E-4
0 3 4 2.0354714830445226E-4
0 3 5 0.002367931825275128
0 3 6 1.0855847909570788E-4
0 3 7 7.463395437829916E-4
0 3 8 8.41328212991736E-4
0 3 9 2.713961977392697E-5
0 4 0 6.106414449133568E-5
0 4 1 6.784904943481742E-6
0 4 10 6.784904943481742E-6
0 4 11 6.784904943481742E-6
0 4 3 9.498866920874439E-5
0 4 4 1.3569809886963484E-5
0 4 6 2.713961977392697E-5
0 4 7 6.784904943481742E-6
0 4 8 3.3924524717408706E-5
0 5 0 0.003731697718914958
0 5 1 7.666942586134368E-4
0 5 10 0.0022458035362924564
0 5 11 2.713961977392697E-5
0 5 2 3.3246034223060537E-4
0 5 3 0.003175335513549455
0 5 4 2.713961977392697E-5
0 5 5 0.004457682547867504
0 5 6 6.513508745742472E-4
0 5 7 0.002021901673157559
0 5 8 0.0020151167682140774
0 5 9 1.3569809886963482E-4
0 6 0 4.070942966089045E-5
0 6 1 1.492679087565983E-4
0 6 10 1.6962262358704354E-4
0 6 11 6.784904943481742E-6
0 6 2 2.713961977392697E-5
0 6 3 3.3924524717408706E-5
0 6 5 4.885131559306855E-4
0 6 6 3.3924524717408706E-5
0 6 7 4.7494334604372194E-5
0 6 8 1.4248300381311657E-4
0 7 0 0.0015130338023964284
0 7 1 2.2390186313489747E-4
0 7 10 7.938338783873638E-4
0 7 11 2.713961977392697E-5
0 7 2 3.256754372871236E-4
0 7 3 7.191999240090646E-4
0 7 4 1.3569809886963484E-5
0 7 5 0.00194726771877926
0 7 6 6.784904943481742E-6
0 7 7 9.77026311861371E-4
0 7 8 0.001960837528666223
0 7 9 1.8319243347400703E-4
0 8 0 0.0010923696959005604
0 8 1 3.392452471740871E-4
0 8 10 0.0020626111028184497
0 8 11 6.106414449133568E-5
0 8 2 6.784904943481742E-6
0 8 3 6.445659696307655E-4
0 8 4 4.7494334604372194E-5
0 8 5 6.649206844612107E-4
0 8 6 1.9676224336097052E-4
0 8 7 0.0013841206084702754
0 8 8 7.463395437829916E-4
0 9 0 6.106414449133568E-5
0 9 1 2.0354714830445225E-5
0 9 10 2.578263878523062E-4
0 9 2 6.784904943481741E-5
0 9 3 1.3569809886963484E-5
0 9 5 5.427923954785394E-5
0 9 6 1.3569809886963484E-5
0 9 7 5.427923954785394E-5
0 9 9 3.3924524717408706E-5
1 0 0 0.0020151167682140774
1 0 1 0.0066152823198946985
1 0 10 0.014519696579050927
1 0 11 1.3569809886963484E-5
1 0 2 1.4248300381311657E-4
1 0 3 0.003501010950836579
1 0 4 5.427923954785394E-5
1 0 5 0.002890369505923222
1 0 6 3.392452471740871E-4
1 0 7 8.209734981612908E-4
1 0 8 0.0010991546008440422
1 0 9 6.784904943481742E-6
1 1 0 6.377810646872838E-4
1 1 1 3.6638486694801406E-4
1 1 10 3.256754372871236E-4
1 1 11 8.14188593217809E-5
1 1 2 2.0354714830445225E-5
1 1 3 8.074036882743272E-4
1 1 4 3.3924524717408706E-5
1 1 5 3.392452471740871E-4
1 1 6 4.070942966089045E-5
1 1 7 4.7494334604372194E-5
1 1 8 3.7995467683497755E-4
1 1 9 6.784904943481742E-6
1 10 0 0.0012755621293745675
1 10 1 3.256754372871236E-4
1 10 10 9.159621673700351E-4
1 10 11 3.121056274001601E-4
1 10 2 3.3924524717408706E-5
1 10 3 5.088678707611306E-4
1 10 4 2.0354714830445225E-5
1 10 5 9.634565019744074E-4
1 10 6 1.628377186435618E-4
1 10 7 1.4248300381311657E-4
1 10 8 7.124150190655829E-4
1 10 9 2.713961977392697E-5
1 11 0 7.463395437829916E-5
1 11 1 1.492679087565983E-4
1 11 10 0.0022254488214620114
1 11 11 6.784904943481741E-5
1 11 3 3.7995467683497755E-4
1 11 4 6.784904943481742E-6
1 11 5 6.106414449133568E-5
1 11 6 2.6461129279578793E-4
1 11 7 9.498866920874439E-5
1 11 8 7.463395437829916E-5
1 2 0 4.7494334604372194E-5
1 2 10 6.784904943481742E-6
1 2 2 6.784904943481742E-6
1 2 3 7.463395437829916E-5
1 2 5 6.106414449133568E-5
1 2 7 1.3569809886963484E-5
1 2 9 6.784904943481742E-6
1 3 0 0.0016080224716051728
1 3 1 0.0061131993540770495
1 3 10 0.002069396007761931
1 3 11 1.289131939261531E-4
1 3 2 1.153433840391896E-4
1 3 3 0.0016148073765486545
1 3 4 0.0012687772244310857
1 3 5 0.010489463042622773
1 3 6 3.9352448672194104E-4
1 3 7 3.8673958177845927E-4
1 3 8 0.001546958327113837
1 3 9 6.784904943481742E-6
1 4 0 5.427923954785394E-5
1 4 1 4.070942966089045E-5
1 4 10 1.3569809886963484E-5
1 4 11 1.3569809886963484E-5
1 4 3 2.781811026827514E-4
1 4 4 6.784904943481742E-6
1 4 5 2.713961977392697E-5
1 4 6 4.070942966089045E-5
1 4 7 1.3569809886963484E-5
1 4 8 1.492679087565983E-4
1 5 0 0.001078799886013597
1 5 1 7.327697338960281E-4
1 5 10 0.0014316149430746476
1 5 11 6.784904943481742E-6
1 5 2 7.463395437829916E-5
1 5 3 0.002659682737844843
1 5 5 0.0018319243347400703
1 5 6 5.088678707611306E-4
1 5 7 6.717055894046925E-4
1 5 8 5.767169201959481E-4
1 5 9 6.784904943481742E-6
1 6 0 4.7494334604372194E-5
1 6 1 1.153433840391896E-4
1 6 10 1.492679087565983E-4
1 6 11 6.784904943481742E-6
1 6 3 8.14188593217809E-5
1 6 4 2.0354714830445225E-5
1 6 5 3.595999620045323E-4
1 6 6 5.427923954785394E-5
1 6 7 3.3924524717408706E-5
1 6 8 1.8319243347400703E-4
1 7 0 2.1711695819141575E-4
1 7 1 5.427923954785394E-5
1 7 10 6.106414449133568E-5
1 7 2 2.713961977392697E-5
1 7 3 9.498866920874439E-5
1 7 4 2.0354714830445225E-5
1 7 5 2.3747167302186096E-4
1 7 7 1.8997733841748878E-4
1 7 8 5.699320152524663E-4
1 7 9 1.3569809886963484E-5
1 8 0 6.717055894046925E-4
1 8 1 4.952980608741672E-4
1 8 10 0.0018183545248531068
1 8 11 5.427923954785394E-5
1 8 2 2.0354714830445225E-5
1 8 3 9.498866920874438E-4
1 8 4 5.427923954785394E-5
1 8 5 7.056301141221012E-4
1 8 6 3.8673958177845927E-4
1 8 7 7.870489734438821E-4
1 8 8 7.395546388395098E-4
1 8 9 6.784904943481742E-6
1 9 0 2.0354714830445225E-5
1 9 1 6.784904943481742E-6
1 9 10 5.427923954785394E-5
1 9 9 6.784904943481742E-6
10 0 0 0.0030057128899624117
10 0 1 0.013135575970580652
10 0 10 0.008338648175539061
10 0 11 6.784904943481742E-6
10 0 2 0.00331103361241909
10 0 3 0.0025443393538056532
10 0 4 6.784904943481741E-5
10 0 5 0.004498391977528395
10 0 6 3.392452471740871E-4
10 0 7 0.0018590639545139973
10 0 8 0.001546958327113837
10 0 9 1.9676224336097052E-4
10 1 0 0.003575644905214878
10 1 1 3.9352448672194104E-4
10 1 10 9.498866920874438E-4
10 1 11 5.292225855915759E-4
10 1 2 3.3924524717408706E-5
10 1 3 0.0016419469963225815
10 1 4 5.427923954785394E-5
10 1 5 0.001546958327113837
10 1 6 1.3569809886963482E-4
10 1 7 1.492679087565983E-4
10 1 8 6.784904943481742E-4
10 10 0 0.0033585279470234623
10 10 1 0.001289131939261531
10 10 10 0.004715508935719811
10 10 11 5.495773004220211E-4
10 10 2 4.410188213263132E-4
10 10 3 0.0025375544488621714
10 10 5 0.003840256198010666
10 10 6 5.699320152524663E-4
10 10 7 7.327697338960281E-4
10 10 8 0.002395071445049055
10 10 9 2.306867680783792E-4
10 11 0 5.427923954785394E-5
10 11 1 0.001682656425983472
10 11 10 0.0020829658176488948
10 11 11 8.820376426526264E-5
10 11 2 2.713961977392697E-5
10 11 3 5.088678707611306E-4
10 11 5 8.820376426526264E-5
10 11 6 1.9676224336097052E-4
10 11 7 1.3569809886963482E-4
10 11 8 2.10332053247934E-4
10 2 0 8.345433080482542E-4
10 2 10 2.5104148290882444E-4
10 2 11 6.784904943481742E-6
10 2 2 2.1711695819141575E-4
10 2 3 5.292225855915759E-4
10 2 5 4.070942966089045E-4
10 2 6 4.7494334604372194E-5
10 2 7 2.8496600762623314E-4
10 2 8 7.463395437829916E-5
10 2 9 9.498866920874439E-5
10 3 0 8.956074525395899E-4
10 3 1 0.001954052623722742
10 3 10 0.0029242940306406307
10 3 11 1.4248300381311657E-4
10 3 2 5.699320152524663E-4
10 3 3 0.0017844300001356981
10 3 4 1.492679087565983E-4
10 3 5 0.0029039393158101856
10 3 6 4.681584411002402E-4
10 3 7 4.817282509872037E-4
10 3 8 9.498866920874438E-4
10 3 9 2.713961977392697E-5
10 4 0 3.3924524717408706E-5
10 4 1 2.0354714830445225E-5
10 4 10 6.784904943481742E-6
10 4 11 1.3569809886963484E-5
10 4 3 8.14188593217809E-5
10 4 4 1.3569809886963484E-5
10 4 5 2.0354714830445225E-5
10 4 6 2.0354714830445225E-5
10 4 8 4.7494334604372194E-5
10 5 0 0.002870014791092777
10 5 1 0.0011466489354484144
10 5 10 0.004240565589676088
10 5 11 7.463395437829916E-5
10 5 2 5.088678707611306E-4
10 5 3 0.003942029772162892
10 5 4 1.3569809886963484E-5
10 5 5 0.00510224851749827
10 5 6 0.0013094866540919762
10 5 7 0.0023068676807837924
10 5 8 0.0017233658556443624
10 5 9 1.289131939261531E-4
10 6 0 8.14188593217809E-5
10 6 1 1.6962262358704354E-4
10 6 10 5.292225855915759E-4
10 6 11 6.784904943481742E-6
10 6 2 3.3924524717408706E-5
10 6 3 2.1711695819141575E-4
10 6 5 8.209734981612908E-4
10 6 6 1.628377186435618E-4
10 6 7 5.427923954785394E-5
10 6 8 4.342339163828315E-4
10 6 9 6.784904943481742E-6
10 7 0 7.124150190655829E-4
10 7 1 1.0177357415222613E-4
10 7 10 4.681584411002402E-4
10 7 11 3.3924524717408706E-5
10 7 2 1.764075285305253E-4
10 7 3 2.781811026827514E-4
10 7 5 9.431017871439621E-4
10 7 7 5.156527757046124E-4
10 7 8 0.00225937334617942
10 7 9 1.8319243347400703E-4
10 8 0 0.0027750261218840323
10 8 1 9.431017871439621E-4
10 8 10 0.007917984069043192
10 8 11 5.902867300829115E-4
10 8 2 8.14188593217809E-5
10 8 3 0.0029039393158101856
10 8 4 8.820376426526264E-5
10 8 5 0.0015673130419442823
10 8 6 0.004267705209450016
10 8 7 0.01340018726337644
10 8 8 0.0016487319012660634
10 8 9 1.3569809886963484E-5
10 9 0 2.781811026827514E-4
10 9 1 2.713961977392697E-5
10 9 10 0.001133079125561451
10 9 2 1.2212828898267136E-4
10 9 3 8.820376426526264E-5
10 9 4 6.784904943481742E-6
10 9 5 1.0177357415222613E-4
10 9 6 6.784904943481742E-6
10 9 7 0.0011941432700527865
10 9 9 6.106414449133568E-5
11 0 0 4.070942966089045E-5
11 0 1 2.0354714830445225E-5
11 0 10 4.7494334604372194E-5
11 0 2 2.0354714830445225E-5
11 0 3 2.0354714830445225E-5
11 0 5 2.713961977392697E-5
11 0 8 4.070942966089045E-5
11 1 0 6.784904943481741E-5
11 1 1 1.3569809886963484E-5
11 1 10 1.9676224336097052E-4
11 1 11 0.0011941432700527865
11 1 3 5.970716350263932E-4
11 1 5 5.427923954785394E-5
11 1 7 2.0354714830445225E-5
11 1 8 1.0177357415222613E-4
11 10 0 3.3246034223060537E-4
11 10 1 4.342339163828315E-4
11 10 10 6.513508745742472E-4
11 10 11 0.0012280677947701952
11 10 2 6.784904943481742E-6
11 10 3 6.784904943481742E-4
11 10 5 2.578263878523062E-4
11 10 6 1.4248300381311657E-4
11 10 7 1.153433840391896E-4
11 10 8 0.0018047847149661434
11 10 9 6.784904943481742E-6
11 11 1 4.070942966089045E-5
11 11 10 1.3569809886963482E-4
11 11 11 2.713961977392697E-5
11 11 3 3.3924524717408706E-5
11 11 5 6.784904943481742E-6
11 11 6 6.784904943481742E-6
11 11 7 1.3569809886963484E-5
11 11 8 3.3924524717408706E-5
11 2 3 4.070942966089045E-5
11 2 5 6.784904943481742E-6
11 2 7 6.784904943481742E-6
11 2 8 6.784904943481742E-6
11 3 0 5.427923954785394E-5
11 3 1 2.985358175131966E-4
11 3 10 2.3747167302186096E-4
11 3 11 6.784904943481741E-5
11 3 2 4.070942966089045E-5
11 3 3 3.188905323436419E-4
11 3 4 6.784904943481742E-6
11 3 5 1.6962262358704354E-4
11 3 6 5.427923954785394E-5
11 3 7 4.070942966089045E-5
11 3 8 1.8997733841748878E-4
11 4 1 6.784904943481742E-6
11 4 3 1.3569809886963484E-5
11 5 0 2.713961977392697E-5
11 5 1 1.3569809886963484E-5
11 5 10 2.0354714830445225E-5
11 5 11 6.784904943481742E-6
11 5 2 1.3569809886963484E-5
11 5 3 4.7494334604372194E-5
11 5 5 4.070942966089045E-5
11 5 6 4.070942966089045E-5
11 5 7 6.106414449133568E-5
11 5 8 2.713961977392697E-5
11 6 0 2.0354714830445225E-5
11 6 1 4.070942966089045E-5
11 6 10 1.3569809886963482E-4
11 6 2 6.784904943481742E-6
11 6 3 1.4248300381311657E-4
11 6 4 6.784904943481742E-6
11 6 5 1.492679087565983E-4
11 6 6 4.070942966089045E-5
11 6 7 6.784904943481742E-6
11 6 8 6.784904943481741E-5
11 7 0 3.3924524717408706E-5
11 7 1 1.3569809886963484E-5
11 7 10 4.070942966089045E-5
11 7 11 2.0354714830445225E-5
11 7 3 3.3924524717408706E-5
11 7 5 8.820376426526264E-5
11 7 7 4.7494334604372194E-5
11 7 8 1.289131939261531E-4
11 8 0 1.3569809886963484E-5
11 8 1 2.0354714830445225E-5
11 8 10 2.10332053247934E-4
11 8 11 1.3569809886963484E-5
11 8 3 1.0177357415222613E-4
11 8 5 2.713961977392697E-5
11 8 6 4.070942966089045E-5
11 8 7 1.0177357415222613E-4
11 8 8 9.498866920874439E-5
11 9 8 2.0354714830445225E-5
2 0 0 5.020829658176489E-4
2 0 1 6.106414449133568E-5
2 0 10 0.0037791920535193303
2 0 11 6.784904943481742E-6
2 0 2 0.0016758715210399902
2 0 3 0.0011059395057875239
2 0 5 4.885131559306855E-4
2 0 6 8.820376426526264E-5
2 0 7 6.988452091786194E-4
2 0 8 8.14188593217809E-5
2 0 9 8.820376426526264E-5
2 1 0 1.3569809886963484E-5
2 1 1 6.784904943481742E-6
2 1 2 6.784904943481742E-6
2 10 0 3.3246034223060537E-4
2 10 1 5.427923954785394E-5
2 10 10 2.985358175131966E-4
2 10 11 4.7494334604372194E-5
2 10 2 1.8997733841748878E-4
2 10 3 9.498866920874439E-5
2 10 5 2.442565779653427E-4
2 10 6 2.713961977392697E-5
2 10 7 1.8997733841748878E-4
2 10 8 1.5605281370008006E-4
2 10 9 6.784904943481741E-5
2 11 10 2.713961977392697E-5
2 11 6 6.784904943481742E-6
2 11 7 6.784904943481742E-6
2 11 8 6.784904943481742E-6
2 2 0 3.731697718914958E-4
2 2 1 6.784904943481742E-6
2 2 10 2.1711695819141575E-4
2 2 2 4.885131559306855E-4
2 2 3 3.256754372871236E-4
2 2 5 2.1711695819141575E-4
2 2 7 3.4603015211756886E-4
2 2 8 1.3569809886963484E-5
2 2 9 5.427923954785394E-5
2 3 0 5.156527757046124E-4
2 3 1 1.0177357415222613E-4
2 3 10 9.498866920874438E-4
2 3 11 2.713961977392697E-5
2 3 2 0.0020829658176488948
2 3 3 3.528150570610506E-4
2 3 5 0.005014044753233007
2 3 6 1.0177357415222613E-4
2 3 7 6.174263498568385E-4
2 3 8 1.6962262358704354E-4
2 3 9 6.784904943481741E-5
2 4 4 6.784904943481742E-6
2 4 5 6.784904943481742E-6
2 4 7 6.784904943481742E-6
2 5 0 2.7139619773926965E-4
2 5 1 3.3924524717408706E-5
2 5 10 5.360074905350576E-4
2 5 11 6.784904943481742E-6
2 5 2 1.5605281370008006E-4
2 5 3 0.0010855847909570786
2 5 4 6.784904943481742E-6
2 5 5 2.6461129279578793E-4
2 5 6 1.153433840391896E-4
2 5 7 4.2744901143934973E-4
2 5 8 6.106414449133568E-5
2 5 9 5.427923954785394E-5
2 6 0 6.784904943481742E-6
2 6 1 2.0354714830445225E-5
2 6 10 6.784904943481741E-5
2 6 2 2.713961977392697E-5
2 6 3 1.3569809886963484E-5
2 6 5 6.784904943481741E-5
2 6 6 6.784904943481742E-6
2 6 7 6.784904943481742E-6
2 6 8 3.3924524717408706E-5
2 7 0 2.781811026827514E-4
2 7 1 1.3569809886963484E-5
2 7 10 3.256754372871236E-4
2 7 2 4.070942966089045E-4
2 7 3 2.2390186313489747E-4
2 7 4 6.784904943481742E-6
2 7 5 4.952980608741672E-4
2 7 6 2.0354714830445225E-5
2 7 7 5.495773004220211E-4
2 7 8 2.5104148290882444E-4
2 7 9 1.764075285305253E-4
2 8 0 3.3924524717408706E-5
2 8 10 1.492679087565983E-4
2 8 2 2.0354714830445225E-5
2 8 3 9.498866920874439E-5
2 8 6 5.427923954785394E-5
2 8 7 1.289131939261531E-4
2 8 8 2.713961977392697E-5
2 9 0 4.070942966089045E-5
2 9 10 1.9676224336097052E-4
2 9 2 4.070942966089045E-5
2 9 3 2.0354714830445225E-5
2 9 4 6.784904943481742E-6
2 9 5 3.3924524717408706E-5
2 9 6 6.784904943481742E-6
2 9 7 6.106414449133568E-5
2 9 9 1.3569809886963484E-5
3 0 0 8.616829278221812E-4
3 0 1 0.0027953808367144777
3 0 10 0.0014044753233007205
3 0 2 4.613735361567584E-4
3 0 3 5.902867300829115E-4
3 0 4 2.0354714830445225E-5
3 0 5 8.41328212991736E-4
3 0 6 5.427923954785394E-5
3 0 7 5.563622053655028E-4
3 0 8 4.070942966089045E-4
3 0 9 6.784904943481742E-6
3 1 0 0.01627020205446922
3 1 1 6.242112548003202E-4
3 1 10 9.363168822004804E-4
3 1 11 0.0012009281749962683
3 1 2 4.070942966089045E-5
3 1 3 0.0040030939166542275
3 1 4 3.121056274001601E-4
3 1 5 0.0031142713690581196
3 1 6 2.5104148290882444E-4
3 1 7 3.392452471740871E-4
3 1 8 0.0023204374906707556
3 1 9 3.3924524717408706E-5
3 10 0 0.002978573270188485
3 10 1 0.0010991546008440422
3 10 10 0.0030328525097363386
3 10 11 3.595999620045323E-4
3 10 2 2.781811026827514E-4
3 10 3 0.0020422563879880042
3 10 4 2.713961977392697E-5
3 10 5 0.0025918336884100256
3 10 6 3.3246034223060537E-4
3 10 7 7.531244487264734E-4
3 10 8 0.002652897832901361
3 10 9 1.0855847909570788E-4
3 11 0 2.713961977392697E-5
3 11 1 1.0177357415222613E-4
3 11 10 2.5104148290882444E-4
3 11 11 3.3924524717408706E-5
3 11 2 1.3569809886963484E-5
3 11 3 1.8997733841748878E-4
3 11 5 4.7494334604372194E-5
3 11 6 4.7494334604372194E-5
3 11 7 2.713961977392697E-5
3 11 8 1.2212828898267136E-4
3 2 0 0.004593380646737139
3 2 10 3.6638486694801406E-4
3 2 11 1.3569809886963484E-5
3 2 2 3.392452471740871E-4
3 2 3 0.002781811026827514
3 2 5 0.0010855847909570786
3 2 6 2.713961977392697E-5
3 2 7 6.513508745742472E-4
3 2 8 1.764075285305253E-4
3 2 9 7.463395437829916E-5
3 3 0 8.616829278221812E-4
3 3 1 0.0016215922814921363
3 3 10 0.00194726771877926
3 3 11 1.4248300381311657E-4
3 3 2 3.528150570610506E-4
3 3 3 0.0025443393538056532
3 3 4 4.952980608741672E-4
3 3 5 0.002184739391801121
3 3 6 4.817282509872037E-4
3 3 7 4.952980608741672E-4
3 3 8 0.0014180451331876841
3 3 9 2.0354714830445225E-5
3 4 0 1.2212828898267136E-4
3 4 1 1.0855847909570788E-4
3 4 10 4.070942966089045E-5
3 4 11 8.14188593217809E-5
3 4 3 0.0015740979468877642
3 4 4 9.498866920874439E-5
3 4 5 2.0354714830445225E-5
3 4 6 9.97381026691816E-4
3 4 7 3.3924524717408706E-5
3 4 8 3.9352448672194104E-4
3 5 0 0.002917509125697149
3 5 1 0.0012077130799397501
3 5 10 0.003731697718914958
3 5 11 1.0855847909570788E-4
3 5 2 5.495773004220211E-4
3 5 3 0.008379357605199951
3 5 4 1.3569809886963484E-5
3 5 5 0.004288059924280461
3 5 6 0.004939410798854708
3 5 7 0.008318293460708616
3 5 8 0.002266158251122902
3 5 9 7.463395437829916E-5
3 6 0 1.0177357415222613E-4
3 6 1 2.10332053247934E-4
3 6 10 8.006187833308455E-4
3 6 11 2.713961977392697E-5
3 6 2 7.463395437829916E-5
3 6 3 3.595999620045323E-4
3 6 4 1.4248300381311657E-4
3 6 5 0.001553743232057319
3 6 6 1.3569809886963482E-4
3 6 7 5.427923954785394E-5
3 6 8 2.8496600762623314E-4
3 6 9 6.784904943481742E-6
3 7 0 7.734791635569185E-4
3 7 1 8.820376426526264E-5
3 7 10 6.445659696307655E-4
3 7 11 4.7494334604372194E-5
3 7 2 2.442565779653427E-4
3 7 3 5.699320152524663E-4
3 7 4 1.3569809886963484E-5
3 7 5 0.0014926790875659831
3 7 6 6.784904943481742E-6
3 7 7 5.088678707611306E-4
3 7 8 0.0010720149810701152
3 7 9 5.427923954785394E-5
3 8 0 6.445659696307655E-4
3 8 1 4.342339163828315E-4
3 8 10 0.0020151167682140774
3 8 11 1.492679087565983E-4
3 8 2 3.3924524717408706E-5
3 8 3 0.0018183545248531068
3 8 4 1.2212828898267136E-4
3 8 5 7.259848289525464E-4
3 8 6 6.445659696307655E-4
3 8 7 0.0011941432700527865
3 8 8 0.001180573460165823
3 9 0 3.3924524717408706E-5
3 9 1 1.3569809886963484E-5
3 9 10 1.3569809886963482E-4
3 9 2 6.784904943481742E-6
3 9 3 1.3569809886963484E-5
3 9 5 2.0354714830445225E-5
3 9 6 6.784904943481742E-6
3 9 7 2.713961977392697E-5
3 9 9 1.3569809886963484E-5
4 0 0 6.106414449133568E-5
4 0 1 1.4248300381311657E-4
4 0 10 4.070942966089045E-5
4 0 3 2.713961977392697E-5
4 0 4 1.3569809886963484E-5
4 0 5 6.784904943481742E-6
4 0 7 6.784904943481742E-6
4 0 8 6.784904943481741E-5
4 1 0 3.3924524717408706E-5
4 1 1 3.3924524717408706E-5
4 1 3 1.4248300381311657E-4
4 1 4 3.3924524717408706E-5
4 1 5 6.784904943481742E-6
4 1 8 4.7494334604372194E-5
4 10 0 4.7494334604372194E-5
4 10 1 1.3569809886963484E-5
4 10 3 2.713961977392697E-5
4 10 5 1.3569809886963484E-5
4 10 7 6.784904943481742E-6
4 10 8 3.3924524717408706E-5
4 10 9 6.784904943481742E-6
4 11 0 6.784904943481742E-6
4 11 1 3.3924524717408706E-5
4 11 10 5.427923954785394E-5
4 11 11 2.713961977392697E-5
4 11 3 3.3924524717408706E-5
4 11 5 2.713961977392697E-5
4 11 6 1.3569809886963484E-5
4 11 8 2.0354714830445225E-5
4 3 0 1.153433840391896E-4
4 3 1 0.0011534338403918962
4 3 10 1.764075285305253E-4
4 3 11 3.3924524717408706E-5
4 3 2 6.784904943481742E-6
4 3 3 4.342339163828315E-4
4 3 4 7.259848289525464E-4
4 3 5 2.1711695819141575E-4
4 3 6 1.6962262358704354E-4
4 3 7 8.14188593217809E-5
4 3 8 4.1387920155238624E-4
4 4 0 6.784904943481742E-6
4 4 1 2.713961977392697E-5
4 4 10 6.784904943481742E-6
4 4 3 4.7494334604372194E-5
4 4 4 2.0354714830445225E-5
4 4 5 1.3569809886963484E-5
4 4 6 1.3569809886963484E-5
4 4 7 6.784904943481742E-6
4 4 8 5.427923954785394E-5
4 4 9 6.784904943481742E-6
4 5 0 3.3924524717408706E-5
4 5 1 6.784904943481742E-6
4 5 10 6.784904943481742E-6
4 5 2 1.3569809886963484E-5
4 5 3 4.070942966089045E-5
4 5 5 1.3569809886963484E-5
4 5 6 6.784904943481742E-6
4 5 7 3.3924524717408706E-5
4 5 8 6.784904943481742E-6
4 6 0 6.784904943481742E-6
4 6 1 4.7494334604372194E-5
4 6 10 1.3569809886963484E-5
4 6 11 6.784904943481742E-6
4 6 3 1.2212828898267136E-4
4 6 4 7.463395437829916E-4
4 6 5 2.0354714830445225E-5
4 6 8 2.3747167302186096E-4
4 7 0 1.3569809886963484E-5
4 7 1 1.3569809886963484E-5
4 7 2 6.784904943481742E-6
4 7 3 2.0354714830445225E-5
4 7 5 6.784904943481741E-5
4 7 7 6.784904943481742E-6
4 7 8 1.3569809886963484E-5
4 7 9 6.784904943481742E-6
4 8 0 3.3924524717408706E-5
4 8 1 5.427923954785394E-5
4 8 10 1.6962262358704354E-4
4 8 11 2.713961977392697E-5
4 8 2 6.784904943481742E-6
4 8 3 1.8997733841748878E-4
4 8 4 5.427923954785394E-5
4 8 5 5.427923954785394E-5
4 8 6 8.14188593217809E-5
4 8 7 5.427923954785394E-5
4 8 8 1.9676224336097052E-4
4 9 9 6.784904943481742E-6
5 0 0 0.0045051768824718764
5 0 1 0.002469705399427354
5 0 10 0.003833471293067184
5 0 11 6.784904943481742E-6
5 0 2 5.292225855915759E-4
5 0 3 0.0015062488974529468
5 0 4 1.3569809886963484E-5
5 0 5 0.003908105247445484
5 0 6 1.764075285305253E-4
5 0 7 0.001343411178809385
5 0 8 0.0010923696959005604
5 0 9 7.463395437829916E-5
5 1 0 0.0021236752473097853
5 1 1 3.7995467683497755E-4
5 1 10 7.599093536699551E-4
5 1 11 5.427923954785394E-5
5 1 2 2.713961977392697E-5
5 1 3 0.0015808828518312458
5 1 5 9.838112168048525E-4
5 1 6 1.289131939261531E-4
5 1 7 1.9676224336097052E-4
5 1 8 4.4780372626979494E-4
5 1 9 6.784904943481742E-6
5 10 0 0.003684203384310586
5 10 1 0.0013637658936398302
5 10 10 0.0037520524337454034
5 10 11 2.985358175131966E-4
5 10 2 3.6638486694801406E-4
5 10 3 0.0016758715210399902
5 10 4 2.0354714830445225E-5
5 10 5 0.005387214525124503
5 10 6 3.6638486694801406E-4
5 10 7 8.616829278221812E-4
5 10 8 0.0030871317492841923
5 10 9 2.306867680783792E-4
5 11 1 4.070942966089045E-5
5 11 10 2.10332053247934E-4
5 11 11 1.3569809886963484E-5
5 11 2 6.784904943481742E-6
5 11 3 4.070942966089045E-5
5 11 5 2.0354714830445225E-5
5 11 6 2.0354714830445225E-5
5 11 7 3.3924524717408706E-5
5 11 8 2.0354714830445225E-5
5 2 0 4.545886312132767E-4
5 2 1 6.784904943481742E-6
5 2 10 1.9676224336097052E-4
5 2 11 6.784904943481742E-6
5 2 2 1.628377186435618E-4
5 2 3 9.838112168048525E-4
5 2 4 1.3569809886963484E-5
5 2 5 2.578263878523062E-4
5 2 6 1.3569809886963484E-5
5 2 7 2.306867680783792E-4
5 2 8 4.7494334604372194E-5
5 2 9 6.784904943481741E-5
5 3 0 0.0015130338023964284
5 3 1 0.012436730761402033
5 3 10 0.0038809656276715563
5 3 11 8.14188593217809E-5
5 3 2 0.005176882471876569
5 3 3 0.002171169581914157
5 3 4 1.6962262358704354E-4
5 3 5 0.009281749962683022
5 3 6 0.0015130338023964284
5 3 7 0.0016351620913790997
5 3 8 0.0015808828518312458
5 3 9 7.463395437829916E-5
5 4 1 6.784904943481742E-6
5 4 10 2.0354714830445225E-5
5 4 3 1.3569809886963484E-5
5 4 5 2.713961977392697E-5
5 4 7 4.070942966089045E-5
5 4 8 6.784904943481742E-6
5 5 0 0.004464467452810986
5 5 1 0.0014180451331876841
5 5 10 0.004376263688545723
5 5 11 3.3924524717408706E-5
5 5 2 3.8673958177845927E-4
5 5 3 0.004111652395749936
5 5 4 1.3569809886963484E-5
5 5 5 0.010536957377227145
5 5 6 0.001709796045757399
5 5 7 0.0025171997340317264
5 5 8 0.0018726337644009608
5 5 9 1.5605281370008006E-4
5 6 0 2.306867680783792E-4
5 6 1 6.717055894046925E-4
5 6 10 0.0014926790875659831
5 6 11 2.0354714830445225E-5
5 6 2 1.0855847909570788E-4
5 6 3 3.6638486694801406E-4
5 6 4 4.7494334604372194E-5
5 6 5 0.004966550418628635
5 6 6 2.306867680783792E-4
5 6 7 1.2212828898267136E-4
5 6 8 0.004851207034589446
5 6 9 1.3569809886963484E-5
5 7 0 0.002205094106631566
5 7 1 4.1387920155238624E-4
5 7 10 0.001628377186435618
5 7 11 4.7494334604372194E-5
5 7 2 5.224376806480941E-4
5 7 3 8.68467832765663E-4
5 7 4 2.0354714830445225E-5
5 7 5 0.004437327833037059
5 7 6 3.3924524717408706E-5
5 7 7 0.0012212828898267136
5 7 8 0.010937266768892567
5 7 9 6.445659696307655E-4
5 8 0 0.0016894413309269537
5 8 1 4.4780372626979494E-4
5 8 10 0.002870014791092777
5 8 11 6.784904943481741E-5
5 8 2 6.106414449133568E-5
5 8 3 0.0014248300381311657
5 8 4 1.3569809886963484E-5
5 8 5 0.0015401734221703555
5 8 6 0.0016962262358704355
5 8 7 0.0028293053614318864
5 8 8 0.0010448753612961883
5 8 9 6.784904943481742E-6
5 9 0 6.784904943481741E-5
5 9 1 2.713961977392697E-5
5 9 10 2.3747167302186096E-4
5 9 2 5.427923954785394E-5
5 9 3 4.070942966089045E-5
5 9 5 8.820376426526264E-5
5 9 6 1.3569809886963484E-5
5 9 7 8.820376426526264E-5
5 9 9 4.070942966089045E-5
6 0 0 6.106414449133568E-5
6 0 1 1.8319243347400703E-4
6 0 10 1.8319243347400703E-4
6 0 2 6.106414449133568E-5
6 0 3 3.3924524717408706E-5
6 0 5 8.820376426526264E-5
6 0 6 1.3569809886963484E-5
6 0 7 2.713961977392697E-5
6 0 8 2.713961977392697E-5
6 1 0 4.1387920155238624E-4
6 1 1 1.764075285305253E-4
6 1 10 2.6461129279578793E-4
6 1 11 4.7494334604372194E-5
6 1 2 1.3569809886963484E-5
6 1 3 5.970716350263932E-4
6 1 5 2.985358175131966E-4
6 1 6 1.2212828898267136E-4
6 1 7 6.784904943481742E-6
6 1 8 2.5104148290882444E-4
6 10 0 5.156527757046124E-4
6 10 1 2.5104148290882444E-4
6 10 10 0.0010923696959005604
6 10 11 5.427923954785394E-5
6 10 2 5.427923954785394E-5
6 10 3 6.174263498568385E-4
6 10 5 9.295319772569987E-4
6 10 6 2.7139619773926965E-4
6 10 7 2.10332053247934E-4
6 10 8 8.481131179352177E-4
6 10 9 4.7494334604372194E-5
6 11 1 4.7494334604372194E-5
6 11 10 4.070942966089045E-5
6 11 11 2.0354714830445225E-5
6 11 3 6.784904943481742E-6
6 11 6 2.0354714830445225E-5
6 11 8 6.784904943481742E-6
6 2 0 5.427923954785394E-5
6 2 10 6.106414449133568E-5
6 2 2 2.713961977392697E-5
6 2 3 1.0177357415222613E-4
6 2 5 1.0855847909570788E-4
6 2 6 2.713961977392697E-5
6 2 7 6.784904943481742E-6
6 2 9 1.3569809886963484E-5
6 3 0 4.7494334604372194E-5
6 3 1 2.3747167302186096E-4
6 3 10 3.528150570610506E-4
6 3 11 6.784904943481742E-6
6 3 2 2.0354714830445225E-5
6 3 3 1.9676224336097052E-4
6 3 4 1.0855847909570788E-4
6 3 5 4.952980608741672E-4
6 3 6 1.153433840391896E-4
6 3 7 4.7494334604372194E-5
6 3 8 8.820376426526264E-5
6 4 0 4.7494334604372194E-5
6 4 1 3.3924524717408706E-5
6 4 10 1.3569809886963484E-5
6 4 11 7.463395437829916E-5
6 4 3 0.0010720149810701152
6 4 4 2.0354714830445225E-5
6 4 5 1.3569809886963484E-5
6 4 6 4.7494334604372194E-5
6 4 8 1.8997733841748878E-4
6 5 0 6.852753992916559E-4
6 5 1 5.767169201959481E-4
6 5 10 0.001892988479231406
6 5 11 4.7494334604372194E-5
6 5 2 1.4248300381311657E-4
6 5 3 0.005461848479502802
6 5 5 0.0017437205704748076
6 5 6 0.002659682737844843
6 5 7 7.124150190655829E-4
6 5 8 0.0017437205704748076
6 5 9 2.0354714830445225E-5
6 6 0 2.713961977392697E-5
6 6 1 4.070942966089045E-5
6 6 10 1.492679087565983E-4
6 6 11 6.784904943481742E-6
6 6 2 4.070942966089045E-5
6 6 3 9.498866920874439E-5
6 6 4 1.3569809886963484E-5
6 6 5 2.442565779653427E-4
6 6 6 1.0855847909570788E-4
6 6 7 2.0354714830445225E-5
6 6 8 1.4248300381311657E-4
6 7 0 6.106414449133568E-5
6 7 1 1.3569809886963484E-5
6 7 10 5.427923954785394E-5
6 7 3 4.7494334604372194E-5
6 7 5 4.7494334604372194E-5
6 7 7 4.7494334604372194E-5
6 7 8 1.0177357415222613E-4
6 7 9 2.0354714830445225E-5
6 8 0 1.5605281370008006E-4
6 8 1 1.9676224336097052E-4
6 8 10 0.002313652585727274
6 8 11 1.3569809886963484E-5
6 8 2 6.784904943481742E-6
6 8 3 5.360074905350576E-4
6 8 4 4.070942966089045E-5
6 8 5 6.242112548003202E-4
6 8 6 0.0029582185553580394
6 8 7 7.463395437829916E-5
6 8 8 1.3569809886963482E-4
6 8 9 2.713961977392697E-5
6 9 10 2.713961977392697E-5
6 9 9 6.784904943481742E-6
7 0 0 0.0013841206084702754
7 0 1 8.41328212991736E-4
7 0 10 0.0019879771484401505
7 0 2 6.309961597438019E-4
7 0 3 7.870489734438821E-4
7 0 4 6.784904943481742E-6
7 0 5 0.0011670036502788596
7 0 6 2.713961977392697E-5
7 0 7 0.0011873583651093049
7 0 8 5.292225855915759E-4
7 0 9 9.498866920874439E-5
7 1 0 5.427923954785393E-4
7 1 1 8.820376426526264E-5
7 1 10 8.820376426526264E-5
7 1 11 3.3924524717408706E-5
7 1 2 6.784904943481742E-6
7 1 3 4.070942966089045E-4
7 1 4 1.3569809886963484E-5
7 1 5 1.8319243347400703E-4
7 1 6 6.784904943481742E-6
7 1 7 6.106414449133568E-5
7 1 8 2.7139619773926965E-4
7 10 0 0.0014791092776790197
7 10 1 1.8997733841748878E-4
7 10 10 4.817282509872037E-4
7 10 11 1.8319243347400703E-4
7 10 2 2.985358175131966E-4
7 10 3 5.835018251394298E-4
7 10 5 0.0010041659316352978
7 10 6 2.713961977392697E-5
7 10 7 6.174263498568385E-4
7 10 8 0.0022932978708968287
7 10 9 2.985358175131966E-4
7 11 0 2.713961977392697E-5
7 11 1 6.784904943481741E-5
7 11 10 5.427923954785394E-5
7 11 11 6.784904943481742E-6
7 11 2 1.3569809886963484E-5
7 11 3 3.3924524717408706E-5
7 11 4 6.784904943481742E-6
7 11 7 4.070942966089045E-5
7 11 8 2.0354714830445225E-5
7 2 0 6.377810646872838E-4
7 2 1 6.784904943481742E-6
7 2 10 2.0354714830445226E-4
7 2 11 6.784904943481742E-6
7 2 2 3.188905323436419E-4
7 2 3 6.649206844612107E-4
7 2 5 2.6461129279578793E-4
7 2 6 2.0354714830445225E-5
7 2 7 4.817282509872037E-4
7 2 8 6.784904943481741E-5
7 2 9 3.3924524717408706E-5
7 3 0 3.256754372871236E-4
7 3 1 3.7995467683497755E-4
7 3 10 4.952980608741672E-4
7 3 11 2.713961977392697E-5
7 3 2 4.1387920155238624E-4
7 3 3 3.7995467683497755E-4
7 3 4 5.427923954785394E-5
7 3 5 0.0012416376046571588
7 3 6 4.7494334604372194E-5
7 3 7 3.392452471740871E-4
7 3 8 3.392452471740871E-4
7 3 9 2.713961977392697E-5
7 4 0 6.784904943481742E-6
7 4 10 6.784904943481742E-6
7 4 11 6.784904943481742E-6
7 4 3 5.427923954785394E-5
7 4 4 6.784904943481742E-6
7 4 5 6.784904943481742E-6
7 4 6 6.784904943481742E-6
7 4 7 6.784904943481742E-6
7 4 8 1.3569809886963484E-5
7 5 0 0.002381501635162091
7 5 1 4.342339163828315E-4
7 5 10 0.0016148073765486545
7 5 11 7.463395437829916E-5
7 5 2 1.6962262358704354E-4
7 5 3 0.009179976388530797
7 5 4 3.3924524717408706E-5
7 5 5 0.0019065582891183695
7 5 6 2.1711695819141575E-4
7 5 7 0.004491607072584913
7 5 8 0.0026189733081839525
7 5 9 7.463395437829916E-5
7 6 1 6.784904943481742E-6
7 6 2 6.784904943481742E-6
7 6 4 6.784904943481742E-6
7 6 5 5.427923954785394E-5
7 6 6 6.784904943481742E-6
7 6 8 6.784904943481742E-6
7 7 0 9.905961217483343E-4
7 7 1 8.14188593217809E-5
7 7 10 4.817282509872037E-4
7 7 11 2.0354714830445225E-5
7 7 2 6.038565399698751E-4
7 7 3 5.427923954785393E-4
7 7 5 0.0012484225096006404
7 7 6 2.0354714830445225E-5
7 7 7 0.0015673130419442823
7 7 8 8.752527377091447E-4
7 7 9 1.153433840391896E-4
7 8 0 0.0016758715210399902
7 8 1 7.056301141221012E-4
7 8 10 0.013786926845154899
7 8 11 1.4248300381311657E-4
7 8 2 1.9676224336097052E-4
7 8 3 0.0014383998480181292
7 8 4 4.7494334604372194E-5
7 8 5 0.0013841206084702754
7 8 6 2.3747167302186096E-4
7 8 7 0.004342339163828314
7 8 8 0.0010041659316352978
7 9 0 1.628377186435618E-4
7 9 1 1.3569809886963484E-5
7 9 10 0.001133079125561451
7 9 2 1.492679087565983E-4
7 9 3 4.070942966089045E-5
7 9 4 1.3569809886963484E-5
7 9 5 6.784904943481741E-5
7 9 7 2.2390186313489747E-4
7 9 9 2.713961977392697E-5
8 0 0 0.001601237566661691
8 0 1 0.00105166026623967
8 0 10 0.00268682235761877
8 0 11 6.784904943481742E-6
8 0 2 1.628377186435618E-4
8 0 3 7.599093536699551E-4
8 0 4 4.070942966089045E-5
8 0 5 0.001709796045757399
8 0 6 2.713961977392697E-5
8 0 7 7.191999240090646E-4
8 0 8 9.363168822004804E-4
8 0 9 1.3569809886963484E-5
8 1 0 0.001133079125561451
8 1 1 2.10332053247934E-4
8 1 10 3.595999620045323E-4
8 1 11 1.0855847909570788E-4
8 1 2 1.3569809886963484E-5
8 1 3 0.0011127244107310057
8 1 4 8.820376426526264E-5
8 1 5 3.7995467683497755E-4
8 1 6 4.070942966089045E-5
8 1 7 1.4248300381311657E-4
8 1 8 6.106414449133568E-4
8 1 9 6.784904943481742E-6
8 10 0 0.013766572130324454
8 10 1 0.0016419469963225815
8 10 10 0.0029242940306406307
8 10 11 0.0018454941446270337
8 10 2 1.6962262358704354E-4
8 10 3 0.0023000827758403106
8 10 4 7.463395437829916E-5
8 10 5 0.003494226045893097
8 10 6 3.7995467683497755E-4
8 10 7 9.77026311861371E-4
8 10 8 0.00736162186367769
8 10 9 3.3924524717408706E-5
8 11 0 2.713961977392697E-5
8 11 1 6.106414449133568E-5
8 11 10 5.631471103089846E-4
8 11 11 4.070942966089045E-5
8 11 3 2.442565779653427E-4
8 11 4 6.784904943481742E-6
8 11 5 5.427923954785394E-5
8 11 6 4.070942966089045E-5
8 11 7 5.427923954785394E-5
8 11 8 1.153433840391896E-4
8 2 0 7.463395437829916E-5
8 2 10 2.0354714830445225E-5
8 2 11 6.784904943481742E-6
8 2 2 1.3569809886963484E-5
8 2 3 1.9676224336097052E-4
8 2 5 8.14188593217809E-5
8 2 7 4.070942966089045E-5
8 2 8 2.0354714830445225E-5
8 3 0 9.498866920874438E-4
8 3 1 0.0017979998100226616
8 3 10 0.0014926790875659831
8 3 11 1.2212828898267136E-4
8 3 2 2.0354714830445226E-4
8 3 3 0.001920128099005333
8 3 4 2.6461129279578793E-4
8 3 5 0.0024222110648229817
8 3 6 2.781811026827514E-4
8 3 7 6.174263498568385E-4
8 3 8 0.0013976904183572389
8 3 9 1.3569809886963484E-5
8 4 0 3.3924524717408706E-5
8 4 1 4.7494334604372194E-5
8 4 10 3.3924524717408706E-5
8 4 11 2.0354714830445225E-5
8 4 3 2.917509125697149E-4
8 4 4 2.0354714830445225E-5
8 4 5 1.3569809886963484E-5
8 4 6 4.7494334604372194E-5
8 4 7 2.0354714830445225E-5
8 4 8 4.070942966089045E-5
8 5 0 9.431017871439621E-4
8 5 1 3.256754372871236E-4
8 5 10 9.838112168048525E-4
8 5 11 2.0354714830445225E-5
8 5 2 6.106414449133568E-5
8 5 3 0.0012552074145441223
8 5 4 6.784904943481742E-6
8 5 5 0.0013027017491484944
8 5 6 9.498866920874438E-4
8 5 7 0.001336626273865903
8 5 8 8.074036882743272E-4
8 5 9 6.784904943481742E-6
8 6 0 1.0855847909570788E-4
8 6 1 7.327697338960281E-4
8 6 10 0.001390905513413757
8 6 11 6.106414449133568E-5
8 6 2 7.463395437829916E-5
8 6 3 2.917509125697149E-4
8 6 4 5.292225855915759E-4
8 6 5 0.006961312472012267
8 6 6 1.0855847909570788E-4
8 6 7 4.7494334604372194E-5
8 6 8 6.920603042351377E-4
8 6 9 6.784904943481742E-6
8 7 0 0.0017437205704748076
8 7 1 6.581357795177289E-4
8 7 10 0.0027139619773926967
8 7 11 7.463395437829916E-5
8 7 2 2.442565779653427E-4
8 7 3 6.513508745742472E-4
8 7 4 4.070942966089045E-5
8 7 5 0.01149362897425807
8 7 7 7.870489734438821E-4
8 7 8 0.006784904943481742
8 7 9 4.7494334604372194E-5
8 8 0 9.159621673700351E-4
8 8 1 5.224376806480941E-4
8 8 10 0.0016419469963225815
8 8 11 1.0855847909570788E-4
8 8 2 2.0354714830445225E-5
8 8 3 0.0013773357035267936
8 8 4 9.498866920874439E-5
8 8 5 7.870489734438821E-4
8 8 6 4.20664106495868E-4
8 8 7 9.091772624265534E-4
8 8 8 0.0020083318632705956
8 8 9 2.0354714830445225E-5
8 9 1 1.3569809886963484E-5
8 9 10 6.784904943481742E-6
8 9 11 2.0354714830445225E-5
8 9 2 6.784904943481742E-6
8 9 3 6.784904943481742E-6
8 9 8 4.070942966089045E-5
9 0 0 6.106414449133568E-5
9 0 1 4.7494334604372194E-5
9 0 10 2.6461129279578793E-4
9 0 2 1.0855847909570788E-4
9 0 3 2.713961977392697E-5
9 0 5 1.153433840391896E-4
9 0 7 3.3924524717408706E-5
9 0 9 4.070942966089045E-5
9 1 0 4.7494334604372194E-5
9 1 1 6.784904943481742E-6
9 1 10 6.784904943481742E-6
9 1 3 2.713961977392697E-5
9 1 5 4.7494334604372194E-5
9 10 0 0.0016419469963225815
9 10 1 2.0354714830445225E-5
9 10 10 2.442565779653427E-4
9 10 2 1.764075285305253E-4
9 10 3 1.5605281370008006E-4
9 10 5 2.8496600762623314E-4
9 10 6 2.0354714830445225E-5
9 10 7 1.5605281370008006E-4
9 10 8 4.7494334604372194E-5
9 10 9 5.020829658176489E-4
9 11 9 2.0354714830445225E-5
9 2 0 1.2212828898267136E-4
9 2 10 7.463395437829916E-5
9 2 2 6.106414449133568E-5
9 2 3 8.14188593217809E-5
9 2 5 4.7494334604372194E-5
9 2 7 7.463395437829916E-5
9 2 9 1.3569809886963484E-5
9 3 0 6.784904943481742E-6
9 3 1 1.3569809886963484E-5
9 3 10 4.7494334604372194E-5
9 3 2 8.14188593217809E-5
9 3 4 6.784904943481742E-6
9 3 5 4.7494334604372194E-5
9 3 6 1.3569809886963484E-5
9 3 7 6.784904943481742E-6
9 3 9 6.784904943481742E-6
9 4 3 6.784904943481742E-6
9 4 5 1.3569809886963484E-5
9 4 7 1.3569809886963484E-5
9 5 0 5.427923954785394E-5
9 5 1 6.784904943481742E-6
9 5 10 6.784904943481741E-5
9 5 2 3.3924524717408706E-5
9 5 3 3.3924524717408706E-5
9 5 5 8.820376426526264E-5
9 5 6 1.3569809886963484E-5
9 5 7 8.14188593217809E-5
9 6 0 6.784904943481742E-6
9 6 10 6.784904943481742E-6
9 6 5 2.713961977392697E-5
9 6 6 1.3569809886963484E-5
9 7 0 1.153433840391896E-4
9 7 1 1.3569809886963484E-5
9 7 10 2.442565779653427E-4
9 7 2 1.2212828898267136E-4
9 7 3 2.0354714830445225E-5
9 7 5 6.988452091786194E-4
9 7 7 8.14188593217809E-5
9 7 8 6.784904943481742E-6
9 7 9 3.8673958177845927E-4
9 8 0 6.784904943481742E-6
9 8 1 6.784904943481742E-6
9 8 10 6.784904943481742E-6
9 8 5 6.784904943481742E-6
9 8 6 6.784904943481742E-6
9 8 8 6.784904943481742E-6
9 8 9 2.0354714830445225E-5
9 9 0 3.3924524717408706E-5
9 9 1 1.3569809886963484E-5
9 9 10 6.106414449133568E-5
9 9 2 2.713961977392697E-5
9 9 3 6.784904943481742E-6
9 9 4 6.784904943481742E-6
9 9 5 1.3569809886963484E-5
9 9 6 6.784904943481742E-6
9 9 7 4.070942966089045E-5
9 9 9 3.3924524717408706E-5
