80929
0 0 0 557
0 0 1 88
0 0 10 103
0 0 11 52
0 0 2 39
0 0 3 82
0 0 4 103
0 0 5 118
0 0 6 26
0 0 7 107
0 0 8 152
0 0 9 87
0 1 0 147
0 1 1 99
0 1 10 60
0 1 11 12
0 1 2 61
0 1 3 157
0 1 4 36
0 1 5 55
0 1 6 31
0 1 7 38
0 1 8 68
0 1 9 16
0 10 0 161
0 10 1 32
0 10 10 70
0 10 11 11
0 10 2 25
0 10 3 63
0 10 4 20
0 10 5 61
0 10 6 10
0 10 7 64
0 10 8 136
0 10 9 81
0 11 0 68
0 11 1 21
0 11 10 85
0 11 11 46
0 11 2 23
0 11 3 17
0 11 4 41
0 11 5 17
0 11 6 11
0 11 7 18
0 11 8 19
0 11 9 42
0 2 0 71
0 2 1 21
0 2 10 23
0 2 11 22
0 2 2 61
0 2 3 55
0 2 4 38
0 2 5 36
0 2 6 13
0 2 7 31
0 2 8 9
0 2 9 32
0 3 0 100
0 3 1 55
0 3 10 42
0 3 11 14
0 3 2 29
0 3 3 70
0 3 4 31
0 3 5 95
0 3 6 13
0 3 7 43
0 3 8 103
0 3 9 29
0 4 0 149
0 4 1 32
0 4 10 32
0 4 11 28
0 4 2 19
0 4 3 37
0 4 4 89
0 4 5 35
0 4 6 13
0 4 7 47
0 4 8 22
0 4 9 88
0 5 0 452
0 5 1 73
0 5 10 67
0 5 11 14
0 5 2 44
0 5 3 65
0 5 4 39
0 5 5 194
0 5 6 17
0 5 7 71
0 5 8 125
0 5 9 46
0 6 0 39
0 6 1 28
0 6 10 12
0 6 11 14
0 6 2 9
0 6 3 26
0 6 4 35
0 6 5 24
0 6 6 17
0 6 7 7
0 6 8 14
0 6 9 18
0 7 0 228
0 7 1 35
0 7 10 40
0 7 11 18
0 7 2 29
0 7 3 60
0 7 4 47
0 7 5 45
0 7 6 10
0 7 7 73
0 7 8 61
0 7 9 23
0 8 0 291
0 8 1 87
0 8 10 62
0 8 11 11
0 8 2 15
0 8 3 164
0 8 4 20
0 8 5 202
0 8 6 16
0 8 7 70
0 8 8 118
0 8 9 19
0 9 0 85
0 9 1 26
0 9 10 28
0 9 11 31
0 9 2 35
0 9 3 32
0 9 4 92
0 9 5 39
0 9 6 42
0 9 7 44
0 9 8 25
0 9 9 81
1 0 0 74
1 0 1 107
1 0 10 149
1 0 11 91
1 0 2 15
1 0 3 51
1 0 4 28
1 0 5 67
1 0 6 25
1 0 7 31
1 0 8 61
1 0 9 31
1 1 0 83
1 1 1 336
1 1 10 47
1 1 11 38
1 1 2 48
1 1 3 90
1 1 4 49
1 1 5 60
1 1 6 70
1 1 7 68
1 1 8 134
1 1 9 36
1 10 0 92
1 10 1 61
1 10 10 67
1 10 11 37
1 10 2 11
1 10 3 28
1 10 4 40
1 10 5 39
1 10 6 30
1 10 7 78
1 10 8 81
1 10 9 10
1 11 0 4
1 11 1 77
1 11 10 65
1 11 11 40
1 11 2 30
1 11 3 27
1 11 4 39
1 11 5 14
1 11 6 40
1 11 7 12
1 11 8 22
1 11 9 36
1 2 0 15
1 2 1 81
1 2 10 4
1 2 11 21
1 2 2 28
1 2 3 47
1 2 4 47
1 2 5 7
1 2 6 33
1 2 7 12
1 2 8 26
1 2 9 20
1 3 0 56
1 3 1 139
1 3 10 23
1 3 11 13
1 3 2 6
1 3 3 92
1 3 4 70
1 3 5 100
1 3 6 41
1 3 7 47
1 3 8 107
1 3 9 24
1 4 0 29
1 4 1 73
1 4 10 28
1 4 11 23
1 4 2 25
1 4 3 50
1 4 4 47
1 4 5 20
1 4 6 35
1 4 7 29
1 4 8 45
1 4 9 39
1 5 0 46
1 5 1 70
1 5 10 55
1 5 11 11
1 5 2 12
1 5 3 40
1 5 4 12
1 5 5 87
1 5 6 19
1 5 7 16
1 5 8 43
1 5 9 15
1 6 0 9
1 6 1 86
1 6 10 21
1 6 11 38
1 6 2 20
1 6 3 54
1 6 4 33
1 6 5 37
1 6 6 63
1 6 7 20
1 6 8 47
1 6 9 34
1 7 0 39
1 7 1 109
1 7 10 52
1 7 11 18
1 7 2 9
1 7 3 14
1 7 4 34
1 7 5 32
1 7 6 11
1 7 7 39
1 7 8 57
1 7 9 16
1 8 0 46
1 8 1 186
1 8 10 86
1 8 11 21
1 8 2 43
1 8 3 91
1 8 4 50
1 8 5 53
1 8 6 50
1 8 7 45
1 8 8 131
1 8 9 35
1 9 0 11
1 9 1 33
1 9 10 11
1 9 11 28
1 9 2 13
1 9 3 30
1 9 4 21
1 9 5 25
1 9 6 37
1 9 7 14
1 9 8 32
1 9 9 40
10 0 0 139
10 0 1 154
10 0 10 128
10 0 11 11
10 0 2 44
10 0 3 99
10 0 4 26
10 0 5 85
10 0 6 10
10 0 7 30
10 0 8 64
10 0 9 20
10 1 0 39
10 1 1 42
10 1 10 62
10 1 11 23
10 1 2 12
10 1 3 50
10 1 4 22
10 1 5 38
10 1 6 23
10 1 7 43
10 1 8 57
10 1 9 8
10 10 0 83
10 10 1 47
10 10 10 281
10 10 11 41
10 10 2 38
10 10 3 89
10 10 4 31
10 10 5 105
10 10 6 22
10 10 7 67
10 10 8 90
10 10 9 59
10 11 0 44
10 11 1 22
10 11 10 60
10 11 11 37
10 11 2 7
10 11 3 35
10 11 4 22
10 11 5 15
10 11 6 20
10 11 7 18
10 11 8 17
10 11 9 12
10 2 0 15
10 2 1 9
10 2 10 55
10 2 11 23
10 2 2 39
10 2 3 30
10 2 4 12
10 2 5 23
10 2 6 11
10 2 7 35
10 2 8 16
10 2 9 32
10 3 0 74
10 3 1 40
10 3 10 163
10 3 11 41
10 3 2 20
10 3 3 133
10 3 4 19
10 3 5 52
10 3 6 25
10 3 7 42
10 3 8 56
10 3 9 6
10 4 0 22
10 4 1 34
10 4 10 59
10 4 11 10
10 4 2 5
10 4 3 27
10 4 4 36
10 4 5 24
10 4 6 10
10 4 7 28
10 4 8 31
10 4 9 13
10 5 0 85
10 5 1 50
10 5 10 116
10 5 11 16
10 5 2 36
10 5 3 51
10 5 4 14
10 5 5 123
10 5 6 48
10 5 7 56
10 5 8 47
10 5 9 33
10 6 0 5
10 6 1 16
10 6 10 32
10 6 11 15
10 6 2 10
10 6 3 18
10 6 4 18
10 6 5 20
10 6 6 18
10 6 7 11
10 6 8 17
10 6 9 11
10 7 0 49
10 7 1 47
10 7 10 130
10 7 11 18
10 7 2 37
10 7 3 64
10 7 4 71
10 7 5 67
10 7 6 19
10 7 7 83
10 7 8 88
10 7 9 27
10 8 0 82
10 8 1 64
10 8 10 143
10 8 11 17
10 8 2 9
10 8 3 65
10 8 4 54
10 8 5 56
10 8 6 22
10 8 7 152
10 8 8 84
10 8 9 10
10 9 0 35
10 9 1 13
10 9 10 54
10 9 11 7
10 9 2 25
10 9 3 12
10 9 4 15
10 9 5 19
10 9 6 24
10 9 7 58
10 9 8 70
10 9 9 62
11 0 0 48
11 0 1 44
11 0 10 15
11 0 11 63
11 0 2 36
11 0 3 12
11 0 4 37
11 0 5 4
11 0 6 14
11 0 7 16
11 0 8 15
11 0 9 29
11 1 0 27
11 1 1 51
11 1 10 20
11 1 11 97
11 1 2 56
11 1 3 29
11 1 4 37
11 1 5 9
11 1 6 47
11 1 7 13
11 1 8 32
11 1 9 27
11 10 0 15
11 10 1 24
11 10 10 42
11 10 11 44
11 10 2 10
11 10 3 19
11 10 4 16
11 10 5 26
11 10 6 18
11 10 7 38
11 10 8 91
11 10 9 67
11 11 0 50
11 11 1 64
11 11 10 54
11 11 11 229
11 11 2 44
11 11 3 34
11 11 4 80
11 11 5 19
11 11 6 86
11 11 7 54
11 11 8 59
11 11 9 49
11 2 0 25
11 2 1 28
11 2 10 12
11 2 11 66
11 2 2 29
11 2 3 10
11 2 4 32
11 2 5 19
11 2 6 43
11 2 7 30
11 2 8 27
11 2 9 46
11 3 0 31
11 3 1 28
11 3 10 19
11 3 11 54
11 3 2 17
11 3 3 42
11 3 4 14
11 3 5 4
11 3 6 19
11 3 7 11
11 3 8 34
11 3 9 18
11 4 0 33
11 4 1 40
11 4 10 10
11 4 11 132
11 4 2 40
11 4 3 22
11 4 4 87
11 4 5 16
11 4 6 42
11 4 7 69
11 4 8 11
11 4 9 37
11 5 0 30
11 5 1 5
11 5 10 11
11 5 11 38
11 5 2 22
11 5 3 17
11 5 4 8
11 5 5 23
11 5 6 6
11 5 7 10
11 5 8 22
11 5 9 18
11 6 0 9
11 6 1 41
11 6 10 9
11 6 11 90
11 6 2 32
11 6 3 30
11 6 4 37
11 6 5 13
11 6 6 59
11 6 7 24
11 6 8 31
11 6 9 25
11 7 0 19
11 7 1 10
11 7 10 7
11 7 11 83
11 7 2 25
11 7 3 22
11 7 4 57
11 7 5 11
11 7 6 25
11 7 7 55
11 7 8 13
11 7 9 16
11 8 0 19
11 8 1 22
11 8 10 61
11 8 11 91
11 8 2 21
11 8 3 38
11 8 4 29
11 8 5 21
11 8 6 30
11 8 7 15
11 8 8 44
11 8 9 27
11 9 0 32
11 9 1 21
11 9 10 4
11 9 11 58
11 9 2 42
11 9 3 10
11 9 4 47
11 9 5 11
11 9 6 32
11 9 7 35
11 9 8 40
11 9 9 54
2 0 0 41
2 0 1 27
2 0 10 29
2 0 11 40
2 0 2 100
2 0 3 53
2 0 4 29
2 0 5 39
2 0 6 8
2 0 7 30
2 0 8 19
2 0 9 21
2 1 0 100
2 1 1 44
2 1 10 9
2 1 11 40
2 1 2 61
2 1 3 13
2 1 4 34
2 1 5 13
2 1 6 33
2 1 7 10
2 1 8 28
2 1 9 17
2 10 0 19
2 10 1 5
2 10 10 55
2 10 11 16
2 10 2 62
2 10 3 8
2 10 4 5
2 10 5 23
2 10 6 10
2 10 7 40
2 10 8 6
2 10 9 30
2 11 0 23
2 11 1 37
2 11 10 11
2 11 11 34
2 11 2 49
2 11 3 17
2 11 4 32
2 11 5 31
2 11 6 36
2 11 7 29
2 11 8 13
2 11 9 33
2 2 0 60
2 2 1 40
2 2 10 30
2 2 11 27
2 2 2 275
2 2 3 47
2 2 4 49
2 2 5 36
2 2 6 26
2 2 7 73
2 2 8 20
2 2 9 59
2 3 0 21
2 3 1 14
2 3 10 20
2 3 11 22
2 3 2 78
2 3 3 54
2 3 4 64
2 3 5 40
2 3 6 5
2 3 7 46
2 3 8 21
2 3 9 19
2 4 0 15
2 4 1 9
2 4 10 13
2 4 11 28
2 4 2 97
2 4 3 10
2 4 4 57
2 4 5 64
2 4 6 35
2 4 7 40
2 4 8 10
2 4 9 50
2 5 0 30
2 5 1 13
2 5 10 16
2 5 11 25
2 5 2 59
2 5 3 45
2 5 4 16
2 5 5 30
2 5 6 12
2 5 7 27
2 5 8 27
2 5 9 23
2 6 0 13
2 6 1 27
2 6 10 10
2 6 11 39
2 6 2 43
2 6 3 3
2 6 4 11
2 6 5 14
2 6 6 35
2 6 7 19
2 6 8 11
2 6 9 33
2 7 0 26
2 7 1 11
2 7 10 41
2 7 11 25
2 7 2 111
2 7 3 47
2 7 4 31
2 7 5 26
2 7 6 22
2 7 7 65
2 7 8 20
2 7 9 40
2 8 0 25
2 8 1 21
2 8 10 5
2 8 11 18
2 8 2 39
2 8 3 26
2 8 4 8
2 8 5 18
2 8 6 8
2 8 7 21
2 8 8 19
2 8 9 14
2 9 0 17
2 9 1 16
2 9 10 29
2 9 11 36
2 9 2 73
2 9 3 15
2 9 4 70
2 9 5 25
2 9 6 23
2 9 7 29
2 9 8 5
2 9 9 79
3 0 0 80
3 0 1 82
3 0 10 42
3 0 11 9
3 0 2 27
3 0 3 87
3 0 4 25
3 0 5 59
3 0 6 20
3 0 7 73
3 0 8 133
3 0 9 59
3 1 0 122
3 1 1 77
3 1 10 47
3 1 11 60
3 1 2 18
3 1 3 134
3 1 4 58
3 1 5 26
3 1 6 24
3 1 7 24
3 1 8 58
3 1 9 10
3 10 0 34
3 10 1 23
3 10 10 98
3 10 11 18
3 10 2 28
3 10 3 218
3 10 4 33
3 10 5 40
3 10 6 13
3 10 7 67
3 10 8 43
3 10 9 13
3 11 0 13
3 11 1 14
3 11 10 22
3 11 11 45
3 11 2 9
3 11 3 74
3 11 4 13
3 11 5 17
3 11 6 23
3 11 7 16
3 11 8 36
3 11 9 14
3 2 0 48
3 2 1 75
3 2 10 19
3 2 11 15
3 2 2 41
3 2 3 86
3 2 4 9
3 2 5 30
3 2 6 9
3 2 7 21
3 2 8 15
3 2 9 8
3 3 0 103
3 3 1 74
3 3 10 151
3 3 11 48
3 3 2 35
3 3 3 424
3 3 4 90
3 3 5 59
3 3 6 28
3 3 7 113
3 3 8 196
3 3 9 25
3 4 0 27
3 4 1 43
3 4 10 19
3 4 11 22
3 4 2 5
3 4 3 90
3 4 4 41
3 4 5 64
3 4 6 53
3 4 7 26
3 4 8 66
3 4 9 15
3 5 0 66
3 5 1 36
3 5 10 59
3 5 11 13
3 5 2 22
3 5 3 125
3 5 4 15
3 5 5 151
3 5 6 67
3 5 7 110
3 5 8 106
3 5 9 17
3 6 0 25
3 6 1 28
3 6 10 18
3 6 11 19
3 6 2 9
3 6 3 45
3 6 4 17
3 6 5 18
3 6 6 32
3 6 7 11
3 6 8 38
3 6 9 19
3 7 0 54
3 7 1 26
3 7 10 59
3 7 11 9
3 7 2 47
3 7 3 146
3 7 4 33
3 7 5 23
3 7 6 11
3 7 7 70
3 7 8 88
3 7 9 20
3 8 0 83
3 8 1 73
3 8 10 88
3 8 11 31
3 8 2 16
3 8 3 346
3 8 4 92
3 8 5 74
3 8 6 36
3 8 7 73
3 8 8 156
3 8 9 19
3 9 0 50
3 9 1 22
3 9 10 16
3 9 11 11
3 9 2 12
3 9 3 42
3 9 4 24
3 9 5 16
3 9 6 21
3 9 7 26
3 9 8 21
3 9 9 39
4 0 0 95
4 0 1 28
4 0 10 27
4 0 11 39
4 0 2 25
4 0 3 10
4 0 4 142
4 0 5 65
4 0 6 23
4 0 7 47
4 0 8 30
4 0 9 78
4 1 0 25
4 1 1 47
4 1 10 58
4 1 11 33
4 1 2 20
4 1 3 55
4 1 4 71
4 1 5 15
4 1 6 31
4 1 7 45
4 1 8 61
4 1 9 24
4 10 0 29
4 10 1 25
4 10 10 32
4 10 11 17
4 10 2 24
4 10 3 25
4 10 4 51
4 10 5 14
4 10 6 17
4 10 7 41
4 10 8 29
4 10 9 22
4 11 0 29
4 11 1 41
4 11 10 25
4 11 11 123
4 11 2 19
4 11 3 21
4 11 4 124
4 11 5 12
4 11 6 37
4 11 7 46
4 11 8 37
4 11 9 43
4 2 0 36
4 2 1 43
4 2 10 10
4 2 11 32
4 2 2 42
4 2 3 11
4 2 4 115
4 2 5 23
4 2 6 24
4 2 7 21
4 2 8 10
4 2 9 30
4 3 0 41
4 3 1 67
4 3 10 25
4 3 11 20
4 3 2 70
4 3 3 61
4 3 4 58
4 3 5 19
4 3 6 20
4 3 7 25
4 3 8 51
4 3 9 17
4 4 0 78
4 4 1 57
4 4 10 51
4 4 11 88
4 4 2 44
4 4 3 47
4 4 4 277
4 4 5 55
4 4 6 61
4 4 7 57
4 4 8 65
4 4 9 99
4 5 0 37
4 5 1 33
4 5 10 28
4 5 11 11
4 5 2 25
4 5 3 8
4 5 4 70
4 5 5 47
4 5 6 38
4 5 7 225
4 5 8 27
4 5 9 29
4 6 0 17
4 6 1 16
4 6 10 3
4 6 11 43
4 6 2 20
4 6 3 24
4 6 4 115
4 6 5 15
4 6 6 60
4 6 7 23
4 6 8 57
4 6 9 61
4 7 0 61
4 7 1 34
4 7 10 47
4 7 11 39
4 7 2 28
4 7 3 21
4 7 4 111
4 7 5 25
4 7 6 27
4 7 7 78
4 7 8 33
4 7 9 28
4 8 0 20
4 8 1 49
4 8 10 27
4 8 11 39
4 8 2 8
4 8 3 54
4 8 4 77
4 8 5 30
4 8 6 22
4 8 7 39
4 8 8 71
4 8 9 18
4 9 0 72
4 9 1 21
4 9 10 18
4 9 11 59
4 9 2 45
4 9 3 13
4 9 4 178
4 9 5 40
4 9 6 47
4 9 7 35
4 9 8 21
4 9 9 130
5 0 0 146
5 0 1 70
5 0 10 108
5 0 11 15
5 0 2 34
5 0 3 33
5 0 4 32
5 0 5 489
5 0 6 41
5 0 7 66
5 0 8 221
5 0 9 49
5 1 0 51
5 1 1 60
5 1 10 46
5 1 11 7
5 1 2 11
5 1 3 33
5 1 4 24
5 1 5 91
5 1 6 25
5 1 7 46
5 1 8 54
5 1 9 10
5 10 0 74
5 10 1 48
5 10 10 58
5 10 11 18
5 10 2 14
5 10 3 21
5 10 4 21
5 10 5 141
5 10 6 25
5 10 7 77
5 10 8 56
5 10 9 28
5 11 0 7
5 11 1 5
5 11 10 16
5 11 11 30
5 11 2 39
5 11 3 6
5 11 4 16
5 11 5 43
5 11 6 5
5 11 7 20
5 11 8 33
5 11 9 18
5 2 0 51
5 2 1 9
5 2 10 23
5 2 11 27
5 2 2 47
5 2 3 49
5 2 4 22
5 2 5 63
5 2 6 10
5 2 7 31
5 2 8 27
5 2 9 31
5 3 0 45
5 3 1 106
5 3 10 30
5 3 11 9
5 3 2 49
5 3 3 48
5 3 4 14
5 3 5 222
5 3 6 21
5 3 7 33
5 3 8 48
5 3 9 13
5 4 0 40
5 4 1 20
5 4 10 8
5 4 11 12
5 4 2 49
5 4 3 66
5 4 4 60
5 4 5 42
5 4 6 10
5 4 7 30
5 4 8 26
5 4 9 38
5 5 0 217
5 5 1 71
5 5 10 90
5 5 11 33
5 5 2 35
5 5 3 81
5 5 4 53
5 5 5 1094
5 5 6 57
5 5 7 115
5 5 8 118
5 5 9 49
5 6 0 9
5 6 1 31
5 6 10 12
5 6 11 2
5 6 2 8
5 6 3 28
5 6 4 9
5 6 5 79
5 6 6 41
5 6 7 49
5 6 8 83
5 6 9 15
5 7 0 70
5 7 1 34
5 7 10 88
5 7 11 13
5 7 2 28
5 7 3 25
5 7 4 20
5 7 5 117
5 7 6 10
5 7 7 96
5 7 8 150
5 7 9 217
5 8 0 138
5 8 1 79
5 8 10 67
5 8 11 25
5 8 2 28
5 8 3 62
5 8 4 12
5 8 5 179
5 8 6 21
5 8 7 77
5 8 8 79
5 8 9 19
5 9 0 34
5 9 1 12
5 9 10 23
5 9 11 20
5 9 2 30
5 9 3 10
5 9 4 29
5 9 5 63
5 9 6 20
5 9 7 22
5 9 8 37
5 9 9 82
6 0 0 13
6 0 1 24
6 0 10 8
6 0 11 16
6 0 2 12
6 0 3 17
6 0 4 25
6 0 5 10
6 0 6 31
6 0 7 20
6 0 8 14
6 0 9 14
6 1 0 11
6 1 1 70
6 1 10 29
6 1 11 33
6 1 2 19
6 1 3 38
6 1 4 28
6 1 5 33
6 1 6 86
6 1 7 17
6 1 8 46
6 1 9 31
6 10 0 15
6 10 1 19
6 10 10 20
6 10 11 20
6 10 2 6
6 10 3 19
6 10 4 8
6 10 5 18
6 10 6 27
6 10 7 10
6 10 8 12
6 10 9 12
6 11 0 19
6 11 1 39
6 11 10 7
6 11 11 88
6 11 2 54
6 11 3 18
6 11 4 49
6 11 5 3
6 11 6 60
6 11 7 21
6 11 8 46
6 11 9 19
6 2 0 10
6 2 1 20
6 2 10 17
6 2 11 26
6 2 2 28
6 2 3 4
6 2 4 19
6 2 5 9
6 2 6 47
6 2 7 20
6 2 8 12
6 2 9 27
6 3 0 41
6 3 1 30
6 3 10 18
6 3 11 24
6 3 2 3
6 3 3 35
6 3 4 28
6 3 5 54
6 3 6 40
6 3 7 26
6 3 8 28
6 3 9 24
6 4 0 19
6 4 1 33
6 4 10 14
6 4 11 63
6 4 2 32
6 4 3 31
6 4 4 49
6 4 5 4
6 4 6 117
6 4 7 34
6 4 8 30
6 4 9 29
6 5 0 26
6 5 1 16
6 5 10 36
6 5 11 8
6 5 2 22
6 5 3 56
6 5 4 60
6 5 5 63
6 5 6 48
6 5 7 11
6 5 8 32
6 5 9 18
6 6 0 33
6 6 1 69
6 6 10 19
6 6 11 78
6 6 2 32
6 6 3 26
6 6 4 47
6 6 5 33
6 6 6 204
6 6 7 45
6 6 8 48
6 6 9 55
6 7 0 12
6 7 1 14
6 7 10 24
6 7 11 23
6 7 2 8
6 7 3 6
6 7 4 12
6 7 5 24
6 7 6 32
6 7 7 36
6 7 8 42
6 7 9 37
6 8 0 5
6 8 1 54
6 8 10 74
6 8 11 34
6 8 2 12
6 8 3 28
6 8 4 41
6 8 5 19
6 8 6 75
6 8 7 8
6 8 8 68
6 8 9 45
6 9 0 26
6 9 1 36
6 9 10 14
6 9 11 36
6 9 2 31
6 9 3 23
6 9 4 36
6 9 5 9
6 9 6 71
6 9 7 21
6 9 8 26
6 9 9 51
7 0 0 129
7 0 1 45
7 0 10 48
7 0 11 21
7 0 2 28
7 0 3 44
7 0 4 51
7 0 5 68
7 0 6 8
7 0 7 158
7 0 8 84
7 0 9 41
7 1 0 26
7 1 1 75
7 1 10 37
7 1 11 17
7 1 2 5
7 1 3 35
7 1 4 18
7 1 5 41
7 1 6 19
7 1 7 67
7 1 8 38
7 1 9 14
7 10 0 54
7 10 1 55
7 10 10 73
7 10 11 8
7 10 2 23
7 10 3 68
7 10 4 39
7 10 5 62
7 10 6 3
7 10 7 140
7 10 8 76
7 10 9 21
7 11 0 17
7 11 1 15
7 11 10 23
7 11 11 43
7 11 2 29
7 11 3 10
7 11 4 49
7 11 5 15
7 11 6 24
7 11 7 82
7 11 8 23
7 11 9 16
7 2 0 30
7 2 1 22
7 2 10 41
7 2 11 27
7 2 2 82
7 2 3 33
7 2 4 24
7 2 5 17
7 2 6 9
7 2 7 136
7 2 8 16
7 2 9 26
7 3 0 55
7 3 1 15
7 3 10 59
7 3 11 14
7 3 2 27
7 3 3 96
7 3 4 24
7 3 5 42
7 3 6 11
7 3 7 140
7 3 8 65
7 3 9 20
7 4 0 44
7 4 1 37
7 4 10 35
7 4 11 66
7 4 2 32
7 4 3 26
7 4 4 69
7 4 5 46
7 4 6 20
7 4 7 117
7 4 8 18
7 4 9 43
7 5 0 70
7 5 1 26
7 5 10 44
7 5 11 13
7 5 2 36
7 5 3 83
7 5 4 54
7 5 5 63
7 5 6 13
7 5 7 131
7 5 8 55
7 5 9 43
7 6 0 9
7 6 1 18
7 6 10 13
7 6 11 26
7 6 2 19
7 6 3 36
7 6 4 43
7 6 5 96
7 6 6 40
7 6 7 23
7 6 8 7
7 6 9 18
7 7 0 82
7 7 1 40
7 7 10 71
7 7 11 55
7 7 2 87
7 7 3 77
7 7 4 66
7 7 5 68
7 7 6 53
7 7 7 311
7 7 8 89
7 7 9 57
7 8 0 81
7 8 1 82
7 8 10 137
7 8 11 14
7 8 2 21
7 8 3 84
7 8 4 29
7 8 5 48
7 8 6 20
7 8 7 162
7 8 8 127
7 8 9 90
7 9 0 37
7 9 1 9
7 9 10 33
7 9 11 49
7 9 2 41
7 9 3 18
7 9 4 189
7 9 5 26
7 9 6 24
7 9 7 73
7 9 8 45
7 9 9 67
8 0 0 133
8 0 1 79
8 0 10 34
8 0 11 15
8 0 2 23
8 0 3 105
8 0 4 34
8 0 5 162
8 0 6 10
8 0 7 66
8 0 8 261
8 0 9 19
8 1 0 69
8 1 1 116
8 1 10 145
8 1 11 24
8 1 2 16
8 1 3 65
8 1 4 43
8 1 5 33
8 1 6 44
8 1 7 45
8 1 8 233
8 1 9 56
8 10 0 197
8 10 1 63
8 10 10 86
8 10 11 52
8 10 2 32
8 10 3 94
8 10 4 22
8 10 5 114
8 10 6 13
8 10 7 48
8 10 8 129
8 10 9 4
8 11 0 17
8 11 1 46
8 11 10 24
8 11 11 55
8 11 2 17
8 11 3 26
8 11 4 29
8 11 5 15
8 11 6 21
8 11 7 13
8 11 8 90
8 11 9 23
8 2 0 41
8 2 1 30
8 2 10 14
8 2 11 11
8 2 2 20
8 2 3 20
8 2 4 10
8 2 5 28
8 2 6 10
8 2 7 21
8 2 8 39
8 2 9 12
8 3 0 97
8 3 1 77
8 3 10 67
8 3 11 30
8 3 2 24
8 3 3 263
8 3 4 42
8 3 5 83
8 3 6 29
8 3 7 52
8 3 8 347
8 3 9 62
8 4 0 37
8 4 1 73
8 4 10 39
8 4 11 39
8 4 2 7
8 4 3 52
8 4 4 60
8 4 5 17
8 4 6 28
8 4 7 36
8 4 8 114
8 4 9 28
8 5 0 214
8 5 1 57
8 5 10 32
8 5 11 37
8 5 2 38
8 5 3 53
8 5 4 25
8 5 5 86
8 5 6 35
8 5 7 71
8 5 8 164
8 5 9 14
8 6 0 12
8 6 1 44
8 6 10 22
8 6 11 33
8 6 2 15
8 6 3 41
8 6 4 50
8 6 5 36
8 6 6 42
8 6 7 8
8 6 8 66
8 6 9 22
8 7 0 45
8 7 1 24
8 7 10 39
8 7 11 19
8 7 2 26
8 7 3 69
8 7 4 39
8 7 5 149
8 7 6 86
8 7 7 92
8 7 8 238
8 7 9 38
8 8 0 138
8 8 1 128
8 8 10 92
8 8 11 49
8 8 2 30
8 8 3 162
8 8 4 88
8 8 5 87
8 8 6 48
8 8 7 90
8 8 8 531
8 8 9 51
8 9 0 28
8 9 1 35
8 9 10 40
8 9 11 42
8 9 2 11
8 9 3 12
8 9 4 19
8 9 5 14
8 9 6 23
8 9 7 12
8 9 8 124
8 9 9 55
9 0 0 67
9 0 1 32
9 0 10 40
9 0 11 35
9 0 2 27
9 0 3 31
9 0 4 58
9 0 5 33
9 0 6 28
9 0 7 24
9 0 8 17
9 0 9 112
9 1 0 29
9 1 1 39
9 1 10 14
9 1 11 22
9 1 2 13
9 1 3 21
9 1 4 23
9 1 5 10
9 1 6 29
9 1 7 12
9 1 8 28
9 1 9 46
9 10 0 42
9 10 1 17
9 10 10 70
9 10 11 31
9 10 2 26
9 10 3 20
9 10 4 17
9 10 5 32
9 10 6 2
9 10 7 30
9 10 8 7
9 10 9 48
9 11 0 42
9 11 1 64
9 11 10 17
9 11 11 51
9 11 2 50
9 11 3 11
9 11 4 45
9 11 5 8
9 11 6 37
9 11 7 15
9 11 8 26
9 11 9 79
9 2 0 34
9 2 1 23
9 2 10 31
9 2 11 46
9 2 2 50
9 2 3 12
9 2 4 51
9 2 5 32
9 2 6 25
9 2 7 33
9 2 8 5
9 2 9 93
9 3 0 30
9 3 1 13
9 3 10 10
9 3 11 7
9 3 2 18
9 3 3 29
9 3 4 16
9 3 5 16
9 3 6 26
9 3 7 8
9 3 8 31
9 3 9 42
9 4 0 116
9 4 1 32
9 4 10 18
9 4 11 49
9 4 2 42
9 4 3 18
9 4 4 110
9 4 5 193
9 4 6 31
9 4 7 21
9 4 8 20
9 4 9 198
9 5 0 46
9 5 1 10
9 5 10 23
9 5 11 19
9 5 2 36
9 5 3 16
9 5 4 33
9 5 5 49
9 5 6 7
9 5 7 22
9 5 8 19
9 5 9 78
9 6 0 25
9 6 1 34
9 6 10 15
9 6 11 27
9 6 2 22
9 6 3 25
9 6 4 39
9 6 5 10
9 6 6 78
9 6 7 30
9 6 8 43
9 6 9 71
9 7 0 40
9 7 1 8
9 7 10 24
9 7 11 25
9 7 2 29
9 7 3 18
9 7 4 32
9 7 5 44
9 7 6 41
9 7 7 55
9 7 8 21
9 7 9 91
9 8 0 19
9 8 1 45
9 8 10 9
9 8 11 25
9 8 2 13
9 8 3 52
9 8 4 28
9 8 5 41
9 8 6 43
9 8 7 108
9 8 8 68
9 8 9 68
9 9 0 75
9 9 1 41
9 9 10 69
9 9 11 66
9 9 2 77
9 9 3 29
9 9 4 132
9 9 5 71
9 9 6 51
9 9 7 59
9 9 8 72
9 9 9 480
