0 0 0 0.006882576085210493
0 0 1 0.001087372882403094
0 0 10 0.0012727205328127123
0 0 11 6.425385214200101E-4
0 0 2 4.819038910650076E-4
0 0 3 0.0010132338222392468
0 0 4 0.0012727205328127123
0 0 5 0.0014580681832223306
0 0 6 3.212692607100051E-4
0 0 7 0.001322146572921944
0 0 8 0.0018781895241507989
0 0 9 0.0010750163723757863
0 1 0 0.0018164069740142594
0 1 1 0.0012232944927034809
0 1 10 7.413906016384733E-4
0 1 11 1.4827812032769465E-4
0 1 2 7.537471116657811E-4
0 1 3 0.0019399720742873383
0 1 4 4.4483436098308394E-4
0 1 5 6.796080515019337E-4
0 1 6 3.830518108465445E-4
0 1 7 4.695473810376997E-4
0 1 8 8.402426818569363E-4
0 1 9 1.9770416043692618E-4
0 10 0 0.0019893981143965698
0 10 1 3.9540832087385237E-4
0 10 10 8.649557019115521E-4
0 10 11 1.3592161030038675E-4
0 10 2 3.0891275068269716E-4
0 10 3 7.784601317203969E-4
0 10 4 2.471302005461577E-4
0 10 5 7.537471116657811E-4
0 10 6 1.2356510027307886E-4
0 10 7 7.908166417477047E-4
0 10 8 0.0016804853637138726
0 10 9 0.0010008773122119389
0 11 0 8.402426818569363E-4
0 11 1 2.5948671057346564E-4
0 11 10 0.0010503033523211703
0 11 11 5.683994612561629E-4
0 11 2 2.841997306280814E-4
0 11 3 2.1006067046423408E-4
0 11 4 5.066169111196234E-4
0 11 5 2.1006067046423408E-4
0 11 6 1.3592161030038675E-4
0 11 7 2.2241718049154197E-4
0 11 8 2.3477369051884986E-4
0 11 9 5.189734211469313E-4
0 2 0 8.7731221193886E-4
0 2 1 2.5948671057346564E-4
0 2 10 2.841997306280814E-4
0 2 11 2.718432206007735E-4
0 2 2 7.537471116657811E-4
0 2 3 6.796080515019337E-4
0 2 4 4.695473810376997E-4
0 2 5 4.4483436098308394E-4
0 2 6 1.6063463035500254E-4
0 2 7 3.830518108465445E-4
0 2 8 1.1120859024577098E-4
0 2 9 3.9540832087385237E-4
0 3 0 0.0012356510027307886
0 3 1 6.796080515019337E-4
0 3 10 5.189734211469313E-4
0 3 11 1.7299114038231043E-4
0 3 2 3.583387907919287E-4
0 3 3 8.649557019115521E-4
0 3 4 3.830518108465445E-4
0 3 5 0.0011738684525942492
0 3 6 1.6063463035500254E-4
0 3 7 5.313299311742392E-4
0 3 8 0.0012727205328127123
0 3 9 3.583387907919287E-4
0 4 0 0.0018411199940688752
0 4 1 3.9540832087385237E-4
0 4 10 3.9540832087385237E-4
0 4 11 3.4598228076462086E-4
0 4 2 2.3477369051884986E-4
0 4 3 4.571908710103918E-4
0 4 4 0.001099729392430402
0 4 5 4.3247785095577607E-4
0 4 6 1.6063463035500254E-4
0 4 7 5.807559712834707E-4
0 4 8 2.718432206007735E-4
0 4 9 0.001087372882403094
0 5 0 0.005585142532343165
0 5 1 9.020252319934757E-4
0 5 10 8.278861718296284E-4
0 5 11 1.7299114038231043E-4
0 5 2 5.43686441201547E-4
0 5 3 8.031731517750127E-4
0 5 4 4.819038910650076E-4
0 5 5 0.0023971629452977303
0 5 6 2.1006067046423408E-4
0 5 7 8.7731221193886E-4
0 5 8 0.001544563753413486
0 5 9 5.683994612561629E-4
0 6 0 4.819038910650076E-4
0 6 1 3.4598228076462086E-4
0 6 10 1.4827812032769465E-4
0 6 11 1.7299114038231043E-4
0 6 2 1.1120859024577098E-4
0 6 3 3.212692607100051E-4
0 6 4 4.3247785095577607E-4
0 6 5 2.965562406553893E-4
0 6 6 2.1006067046423408E-4
0 6 7 8.649557019115521E-5
0 6 8 1.7299114038231043E-4
0 6 9 2.2241718049154197E-4
0 7 0 0.0028172842862261983
0 7 1 4.3247785095577607E-4
0 7 10 4.942604010923154E-4
0 7 11 2.2241718049154197E-4
0 7 2 3.583387907919287E-4
0 7 3 7.413906016384733E-4
0 7 4 5.807559712834707E-4
0 7 5 5.560429512288549E-4
0 7 6 1.2356510027307886E-4
0 7 7 9.020252319934757E-4
0 7 8 7.537471116657811E-4
0 7 9 2.841997306280814E-4
0 8 0 0.003595744417946595
0 8 1 0.0010750163723757863
0 8 10 7.66103621693089E-4
0 8 11 1.3592161030038675E-4
0 8 2 1.8534765040961832E-4
0 8 3 0.0020264676444784937
0 8 4 2.471302005461577E-4
0 8 5 0.002496015025516193
0 8 6 1.9770416043692618E-4
0 8 7 8.649557019115521E-4
0 8 8 0.0014580681832223306
0 8 9 2.3477369051884986E-4
0 9 0 0.0010503033523211703
0 9 1 3.212692607100051E-4
0 9 10 3.4598228076462086E-4
0 9 11 3.830518108465445E-4
0 9 2 4.3247785095577607E-4
0 9 3 3.9540832087385237E-4
0 9 4 0.0011367989225123257
0 9 5 4.819038910650076E-4
0 9 6 5.189734211469313E-4
0 9 7 5.43686441201547E-4
0 9 8 3.0891275068269716E-4
0 9 9 0.0010008773122119389
1 0 0 9.143817420207836E-4
1 0 1 0.001322146572921944
1 0 10 0.0018411199940688752
1 0 11 0.0011244424124850177
1 0 2 1.8534765040961832E-4
1 0 3 6.301820113927023E-4
1 0 4 3.4598228076462086E-4
1 0 5 8.278861718296284E-4
1 0 6 3.0891275068269716E-4
1 0 7 3.830518108465445E-4
1 0 8 7.537471116657811E-4
1 0 9 3.830518108465445E-4
1 1 0 0.0010255903322665546
1 1 1 0.00415178736917545
1 1 10 5.807559712834707E-4
1 1 11 4.695473810376997E-4
1 1 2 5.931124813107786E-4
1 1 3 0.0011120859024577098
1 1 4 6.054689913380864E-4
1 1 5 7.413906016384733E-4
1 1 6 8.649557019115521E-4
1 1 7 8.402426818569363E-4
1 1 8 0.0016557723436592569
1 1 9 4.4483436098308394E-4
1 10 0 0.0011367989225123257
1 10 1 7.537471116657811E-4
1 10 10 8.278861718296284E-4
1 10 11 4.571908710103918E-4
1 10 2 1.3592161030038675E-4
1 10 3 3.4598228076462086E-4
1 10 4 4.942604010923154E-4
1 10 5 4.819038910650076E-4
1 10 6 3.7069530081923664E-4
1 10 7 9.638077821300152E-4
1 10 8 0.0010008773122119389
1 10 9 1.2356510027307886E-4
1 11 0 4.9426040109231546E-5
1 11 1 9.514512721027073E-4
1 11 10 8.031731517750127E-4
1 11 11 4.942604010923154E-4
1 11 2 3.7069530081923664E-4
1 11 3 3.3362577073731294E-4
1 11 4 4.819038910650076E-4
1 11 5 1.7299114038231043E-4
1 11 6 4.942604010923154E-4
1 11 7 1.4827812032769465E-4
1 11 8 2.718432206007735E-4
1 11 9 4.4483436098308394E-4
1 2 0 1.8534765040961832E-4
1 2 1 0.0010008773122119389
1 2 10 4.9426040109231546E-5
1 2 11 2.5948671057346564E-4
1 2 2 3.4598228076462086E-4
1 2 3 5.807559712834707E-4
1 2 4 5.807559712834707E-4
1 2 5 8.649557019115521E-5
1 2 6 4.077648309011603E-4
1 2 7 1.4827812032769465E-4
1 2 8 3.212692607100051E-4
1 2 9 2.471302005461577E-4
1 3 0 6.919645615292417E-4
1 3 1 0.0017175548937957963
1 3 10 2.841997306280814E-4
1 3 11 1.6063463035500254E-4
1 3 2 7.413906016384732E-5
1 3 3 0.0011367989225123257
1 3 4 8.649557019115521E-4
1 3 5 0.0012356510027307886
1 3 6 5.066169111196234E-4
1 3 7 5.807559712834707E-4
1 3 8 0.001322146572921944
1 3 9 2.965562406553893E-4
1 4 0 3.583387907919287E-4
1 4 1 9.020252319934757E-4
1 4 10 3.4598228076462086E-4
1 4 11 2.841997306280814E-4
1 4 2 3.0891275068269716E-4
1 4 3 6.178255013653943E-4
1 4 4 5.807559712834707E-4
1 4 5 2.471302005461577E-4
1 4 6 4.3247785095577607E-4
1 4 7 3.583387907919287E-4
1 4 8 5.560429512288549E-4
1 4 9 4.819038910650076E-4
1 5 0 5.683994612561629E-4
1 5 1 8.649557019115521E-4
1 5 10 6.796080515019337E-4
1 5 11 1.3592161030038675E-4
1 5 2 1.4827812032769465E-4
1 5 3 4.942604010923154E-4
1 5 4 1.4827812032769465E-4
1 5 5 0.0010750163723757863
1 5 6 2.3477369051884986E-4
1 5 7 1.9770416043692618E-4
1 5 8 5.313299311742392E-4
1 5 9 1.8534765040961832E-4
1 6 0 1.1120859024577098E-4
1 6 1 0.0010626598623484783
1 6 10 2.5948671057346564E-4
1 6 11 4.695473810376997E-4
1 6 2 2.471302005461577E-4
1 6 3 6.672515414746259E-4
1 6 4 4.077648309011603E-4
1 6 5 4.571908710103918E-4
1 6 6 7.784601317203969E-4
1 6 7 2.471302005461577E-4
1 6 8 5.807559712834707E-4
1 6 9 4.2012134092846815E-4
1 7 0 4.819038910650076E-4
1 7 1 0.0013468595929765597
1 7 10 6.425385214200101E-4
1 7 11 2.2241718049154197E-4
1 7 2 1.1120859024577098E-4
1 7 3 1.7299114038231043E-4
1 7 4 4.2012134092846815E-4
1 7 5 3.9540832087385237E-4
1 7 6 1.3592161030038675E-4
1 7 7 4.819038910650076E-4
1 7 8 7.043210715565496E-4
1 7 9 1.9770416043692618E-4
1 8 0 5.683994612561629E-4
1 8 1 0.002298310865079267
1 8 10 0.0010626598623484783
1 8 11 2.5948671057346564E-4
1 8 2 5.313299311742392E-4
1 8 3 0.0011244424124850177
1 8 4 6.178255013653943E-4
1 8 5 6.54895031447318E-4
1 8 6 6.178255013653943E-4
1 8 7 5.560429512288549E-4
1 8 8 0.0016187028135773332
1 8 9 4.3247785095577607E-4
1 9 0 1.3592161030038675E-4
1 9 1 4.077648309011603E-4
1 9 10 1.3592161030038675E-4
1 9 11 3.4598228076462086E-4
1 9 2 1.6063463035500254E-4
1 9 3 3.7069530081923664E-4
1 9 4 2.5948671057346564E-4
1 9 5 3.0891275068269716E-4
1 9 6 4.571908710103918E-4
1 9 7 1.7299114038231043E-4
1 9 8 3.9540832087385237E-4
1 9 9 4.942604010923154E-4
10 0 0 0.0017175548937957963
10 0 1 0.0019029025442054146
10 0 10 0.0015816332834954095
10 0 11 1.3592161030038675E-4
10 0 2 5.43686441201547E-4
10 0 3 0.0012232944927034809
10 0 4 3.212692607100051E-4
10 0 5 0.0010503033523211703
10 0 6 1.2356510027307886E-4
10 0 7 3.7069530081923664E-4
10 0 8 7.908166417477047E-4
10 0 9 2.471302005461577E-4
10 1 0 4.819038910650076E-4
10 1 1 5.189734211469313E-4
10 1 10 7.66103621693089E-4
10 1 11 2.841997306280814E-4
10 1 2 1.4827812032769465E-4
10 1 3 6.178255013653943E-4
10 1 4 2.718432206007735E-4
10 1 5 4.695473810376997E-4
10 1 6 2.841997306280814E-4
10 1 7 5.313299311742392E-4
10 1 8 7.043210715565496E-4
10 1 9 9.885208021846309E-5
10 10 0 0.0010255903322665546
10 10 1 5.807559712834707E-4
10 10 10 0.003472179317673516
10 10 11 5.066169111196234E-4
10 10 2 4.695473810376997E-4
10 10 3 0.001099729392430402
10 10 4 3.830518108465445E-4
10 10 5 0.001297433552867328
10 10 6 2.718432206007735E-4
10 10 7 8.278861718296284E-4
10 10 8 0.0011120859024577098
10 10 9 7.290340916111653E-4
10 11 0 5.43686441201547E-4
10 11 1 2.718432206007735E-4
10 11 10 7.413906016384733E-4
10 11 11 4.571908710103918E-4
10 11 2 8.649557019115521E-5
10 11 3 4.3247785095577607E-4
10 11 4 2.718432206007735E-4
10 11 5 1.8534765040961832E-4
10 11 6 2.471302005461577E-4
10 11 7 2.2241718049154197E-4
10 11 8 2.1006067046423408E-4
10 11 9 1.4827812032769465E-4
10 2 0 1.8534765040961832E-4
10 2 1 1.1120859024577098E-4
10 2 10 6.796080515019337E-4
10 2 11 2.841997306280814E-4
10 2 2 4.819038910650076E-4
10 2 3 3.7069530081923664E-4
10 2 4 1.4827812032769465E-4
10 2 5 2.841997306280814E-4
10 2 6 1.3592161030038675E-4
10 2 7 4.3247785095577607E-4
10 2 8 1.9770416043692618E-4
10 2 9 3.9540832087385237E-4
10 3 0 9.143817420207836E-4
10 3 1 4.942604010923154E-4
10 3 10 0.0020141111344511857
10 3 11 5.066169111196234E-4
10 3 2 2.471302005461577E-4
10 3 3 0.001643415833631949
10 3 4 2.3477369051884986E-4
10 3 5 6.425385214200101E-4
10 3 6 3.0891275068269716E-4
10 3 7 5.189734211469313E-4
10 3 8 6.919645615292417E-4
10 3 9 7.413906016384732E-5
10 4 0 2.718432206007735E-4
10 4 1 4.2012134092846815E-4
10 4 10 7.290340916111653E-4
10 4 11 1.2356510027307886E-4
10 4 2 6.178255013653943E-5
10 4 3 3.3362577073731294E-4
10 4 4 4.4483436098308394E-4
10 4 5 2.965562406553893E-4
10 4 6 1.2356510027307886E-4
10 4 7 3.4598228076462086E-4
10 4 8 3.830518108465445E-4
10 4 9 1.6063463035500254E-4
10 5 0 0.0010503033523211703
10 5 1 6.178255013653943E-4
10 5 10 0.0014333551631677149
10 5 11 1.9770416043692618E-4
10 5 2 4.4483436098308394E-4
10 5 3 6.301820113927023E-4
10 5 4 1.7299114038231043E-4
10 5 5 0.00151985073335887
10 5 6 5.931124813107786E-4
10 5 7 6.919645615292417E-4
10 5 8 5.807559712834707E-4
10 5 9 4.077648309011603E-4
10 6 0 6.178255013653943E-5
10 6 1 1.9770416043692618E-4
10 6 10 3.9540832087385237E-4
10 6 11 1.8534765040961832E-4
10 6 2 1.2356510027307886E-4
10 6 3 2.2241718049154197E-4
10 6 4 2.2241718049154197E-4
10 6 5 2.471302005461577E-4
10 6 6 2.2241718049154197E-4
10 6 7 1.3592161030038675E-4
10 6 8 2.1006067046423408E-4
10 6 9 1.3592161030038675E-4
10 7 0 6.054689913380864E-4
10 7 1 5.807559712834707E-4
10 7 10 0.0016063463035500254
10 7 11 2.2241718049154197E-4
10 7 2 4.571908710103918E-4
10 7 3 7.908166417477047E-4
10 7 4 8.7731221193886E-4
10 7 5 8.278861718296284E-4
10 7 6 2.3477369051884986E-4
10 7 7 0.0010255903322665546
10 7 8 0.001087372882403094
10 7 9 3.3362577073731294E-4
10 8 0 0.0010132338222392468
10 8 1 7.908166417477047E-4
10 8 10 0.0017669809339050278
10 8 11 2.1006067046423408E-4
10 8 2 1.1120859024577098E-4
10 8 3 8.031731517750127E-4
10 8 4 6.672515414746259E-4
10 8 5 6.919645615292417E-4
10 8 6 2.718432206007735E-4
10 8 7 0.0018781895241507989
10 8 8 0.0010379468422938626
10 8 9 1.2356510027307886E-4
10 9 0 4.3247785095577607E-4
10 9 1 1.6063463035500254E-4
10 9 10 6.672515414746259E-4
10 9 11 8.649557019115521E-5
10 9 2 3.0891275068269716E-4
10 9 3 1.4827812032769465E-4
10 9 4 1.8534765040961832E-4
10 9 5 2.3477369051884986E-4
10 9 6 2.965562406553893E-4
10 9 7 7.166775815838574E-4
10 9 8 8.649557019115521E-4
10 9 9 7.66103621693089E-4
11 0 0 5.931124813107786E-4
11 0 1 5.43686441201547E-4
11 0 10 1.8534765040961832E-4
11 0 11 7.784601317203969E-4
11 0 2 4.4483436098308394E-4
11 0 3 1.4827812032769465E-4
11 0 4 4.571908710103918E-4
11 0 5 4.9426040109231546E-5
11 0 6 1.7299114038231043E-4
11 0 7 1.9770416043692618E-4
11 0 8 1.8534765040961832E-4
11 0 9 3.583387907919287E-4
11 1 0 3.3362577073731294E-4
11 1 1 6.301820113927023E-4
11 1 10 2.471302005461577E-4
11 1 11 0.0011985814726488651
11 1 2 6.919645615292417E-4
11 1 3 3.583387907919287E-4
11 1 4 4.571908710103918E-4
11 1 5 1.1120859024577098E-4
11 1 6 5.807559712834707E-4
11 1 7 1.6063463035500254E-4
11 1 8 3.9540832087385237E-4
11 1 9 3.3362577073731294E-4
11 10 0 1.8534765040961832E-4
11 10 1 2.965562406553893E-4
11 10 10 5.189734211469313E-4
11 10 11 5.43686441201547E-4
11 10 2 1.2356510027307886E-4
11 10 3 2.3477369051884986E-4
11 10 4 1.9770416043692618E-4
11 10 5 3.212692607100051E-4
11 10 6 2.2241718049154197E-4
11 10 7 4.695473810376997E-4
11 10 8 0.0011244424124850177
11 10 9 8.278861718296284E-4
11 11 0 6.178255013653943E-4
11 11 1 7.908166417477047E-4
11 11 10 6.672515414746259E-4
11 11 11 0.0028296407962535063
11 11 2 5.43686441201547E-4
11 11 3 4.2012134092846815E-4
11 11 4 9.88520802184631E-4
11 11 5 2.3477369051884986E-4
11 11 6 0.0010626598623484783
11 11 7 6.672515414746259E-4
11 11 8 7.290340916111653E-4
11 11 9 6.054689913380864E-4
11 2 0 3.0891275068269716E-4
11 2 1 3.4598228076462086E-4
11 2 10 1.4827812032769465E-4
11 2 11 8.155296618023206E-4
11 2 2 3.583387907919287E-4
11 2 3 1.2356510027307886E-4
11 2 4 3.9540832087385237E-4
11 2 5 2.3477369051884986E-4
11 2 6 5.313299311742392E-4
11 2 7 3.7069530081923664E-4
11 2 8 3.3362577073731294E-4
11 2 9 5.683994612561629E-4
11 3 0 3.830518108465445E-4
11 3 1 3.4598228076462086E-4
11 3 10 2.3477369051884986E-4
11 3 11 6.672515414746259E-4
11 3 2 2.1006067046423408E-4
11 3 3 5.189734211469313E-4
11 3 4 1.7299114038231043E-4
11 3 5 4.9426040109231546E-5
11 3 6 2.3477369051884986E-4
11 3 7 1.3592161030038675E-4
11 3 8 4.2012134092846815E-4
11 3 9 2.2241718049154197E-4
11 4 0 4.077648309011603E-4
11 4 1 4.942604010923154E-4
11 4 10 1.2356510027307886E-4
11 4 11 0.0016310593236046412
11 4 2 4.942604010923154E-4
11 4 3 2.718432206007735E-4
11 4 4 0.0010750163723757863
11 4 5 1.9770416043692618E-4
11 4 6 5.189734211469313E-4
11 4 7 8.525991918842442E-4
11 4 8 1.3592161030038675E-4
11 4 9 4.571908710103918E-4
11 5 0 3.7069530081923664E-4
11 5 1 6.178255013653943E-5
11 5 10 1.3592161030038675E-4
11 5 11 4.695473810376997E-4
11 5 2 2.718432206007735E-4
11 5 3 2.1006067046423408E-4
11 5 4 9.885208021846309E-5
11 5 5 2.841997306280814E-4
11 5 6 7.413906016384732E-5
11 5 7 1.2356510027307886E-4
11 5 8 2.718432206007735E-4
11 5 9 2.2241718049154197E-4
11 6 0 1.1120859024577098E-4
11 6 1 5.066169111196234E-4
11 6 10 1.1120859024577098E-4
11 6 11 0.0011120859024577098
11 6 2 3.9540832087385237E-4
11 6 3 3.7069530081923664E-4
11 6 4 4.571908710103918E-4
11 6 5 1.6063463035500254E-4
11 6 6 7.290340916111653E-4
11 6 7 2.965562406553893E-4
11 6 8 3.830518108465445E-4
11 6 9 3.0891275068269716E-4
11 7 0 2.3477369051884986E-4
11 7 1 1.2356510027307886E-4
11 7 10 8.649557019115521E-5
11 7 11 0.0010255903322665546
11 7 2 3.0891275068269716E-4
11 7 3 2.718432206007735E-4
11 7 4 7.043210715565496E-4
11 7 5 1.3592161030038675E-4
11 7 6 3.0891275068269716E-4
11 7 7 6.796080515019337E-4
11 7 8 1.6063463035500254E-4
11 7 9 1.9770416043692618E-4
11 8 0 2.3477369051884986E-4
11 8 1 2.718432206007735E-4
11 8 10 7.537471116657811E-4
11 8 11 0.0011244424124850177
11 8 2 2.5948671057346564E-4
11 8 3 4.695473810376997E-4
11 8 4 3.583387907919287E-4
11 8 5 2.5948671057346564E-4
11 8 6 3.7069530081923664E-4
11 8 7 1.8534765040961832E-4
11 8 8 5.43686441201547E-4
11 8 9 3.3362577073731294E-4
11 9 0 3.9540832087385237E-4
11 9 1 2.5948671057346564E-4
11 9 10 4.9426040109231546E-5
11 9 11 7.166775815838574E-4
11 9 2 5.189734211469313E-4
11 9 3 1.2356510027307886E-4
11 9 4 5.807559712834707E-4
11 9 5 1.3592161030038675E-4
11 9 6 3.9540832087385237E-4
11 9 7 4.3247785095577607E-4
11 9 8 4.942604010923154E-4
11 9 9 6.672515414746259E-4
2 0 0 5.066169111196234E-4
2 0 1 3.3362577073731294E-4
2 0 10 3.583387907919287E-4
2 0 11 4.942604010923154E-4
2 0 2 0.0012356510027307886
2 0 3 6.54895031447318E-4
2 0 4 3.583387907919287E-4
2 0 5 4.819038910650076E-4
2 0 6 9.885208021846309E-5
2 0 7 3.7069530081923664E-4
2 0 8 2.3477369051884986E-4
2 0 9 2.5948671057346564E-4
2 1 0 0.0012356510027307886
2 1 1 5.43686441201547E-4
2 1 10 1.1120859024577098E-4
2 1 11 4.942604010923154E-4
2 1 2 7.537471116657811E-4
2 1 3 1.6063463035500254E-4
2 1 4 4.2012134092846815E-4
2 1 5 1.6063463035500254E-4
2 1 6 4.077648309011603E-4
2 1 7 1.2356510027307886E-4
2 1 8 3.4598228076462086E-4
2 1 9 2.1006067046423408E-4
2 10 0 2.3477369051884986E-4
2 10 1 6.178255013653943E-5
2 10 10 6.796080515019337E-4
2 10 11 1.9770416043692618E-4
2 10 2 7.66103621693089E-4
2 10 3 9.885208021846309E-5
2 10 4 6.178255013653943E-5
2 10 5 2.841997306280814E-4
2 10 6 1.2356510027307886E-4
2 10 7 4.942604010923154E-4
2 10 8 7.413906016384732E-5
2 10 9 3.7069530081923664E-4
2 11 0 2.841997306280814E-4
2 11 1 4.571908710103918E-4
2 11 10 1.3592161030038675E-4
2 11 11 4.2012134092846815E-4
2 11 2 6.054689913380864E-4
2 11 3 2.1006067046423408E-4
2 11 4 3.9540832087385237E-4
2 11 5 3.830518108465445E-4
2 11 6 4.4483436098308394E-4
2 11 7 3.583387907919287E-4
2 11 8 1.6063463035500254E-4
2 11 9 4.077648309011603E-4
2 2 0 7.413906016384733E-4
2 2 1 4.942604010923154E-4
2 2 10 3.7069530081923664E-4
2 2 11 3.3362577073731294E-4
2 2 2 0.003398040257509669
2 2 3 5.807559712834707E-4
2 2 4 6.054689913380864E-4
2 2 5 4.4483436098308394E-4
2 2 6 3.212692607100051E-4
2 2 7 9.020252319934757E-4
2 2 8 2.471302005461577E-4
2 2 9 7.290340916111653E-4
2 3 0 2.5948671057346564E-4
2 3 1 1.7299114038231043E-4
2 3 10 2.471302005461577E-4
2 3 11 2.718432206007735E-4
2 3 2 9.638077821300152E-4
2 3 3 6.672515414746259E-4
2 3 4 7.908166417477047E-4
2 3 5 4.942604010923154E-4
2 3 6 6.178255013653943E-5
2 3 7 5.683994612561629E-4
2 3 8 2.5948671057346564E-4
2 3 9 2.3477369051884986E-4
2 4 0 1.8534765040961832E-4
2 4 1 1.1120859024577098E-4
2 4 10 1.6063463035500254E-4
2 4 11 3.4598228076462086E-4
2 4 2 0.0011985814726488651
2 4 3 1.2356510027307886E-4
2 4 4 7.043210715565496E-4
2 4 5 7.908166417477047E-4
2 4 6 4.3247785095577607E-4
2 4 7 4.942604010923154E-4
2 4 8 1.2356510027307886E-4
2 4 9 6.178255013653943E-4
2 5 0 3.7069530081923664E-4
2 5 1 1.6063463035500254E-4
2 5 10 1.9770416043692618E-4
2 5 11 3.0891275068269716E-4
2 5 2 7.290340916111653E-4
2 5 3 5.560429512288549E-4
2 5 4 1.9770416043692618E-4
2 5 5 3.7069530081923664E-4
2 5 6 1.4827812032769465E-4
2 5 7 3.3362577073731294E-4
2 5 8 3.3362577073731294E-4
2 5 9 2.841997306280814E-4
2 6 0 1.6063463035500254E-4
2 6 1 3.3362577073731294E-4
2 6 10 1.2356510027307886E-4
2 6 11 4.819038910650076E-4
2 6 2 5.313299311742392E-4
2 6 3 3.706953008192366E-5
2 6 4 1.3592161030038675E-4
2 6 5 1.7299114038231043E-4
2 6 6 4.3247785095577607E-4
2 6 7 2.3477369051884986E-4
2 6 8 1.3592161030038675E-4
2 6 9 4.077648309011603E-4
2 7 0 3.212692607100051E-4
2 7 1 1.3592161030038675E-4
2 7 10 5.066169111196234E-4
2 7 11 3.0891275068269716E-4
2 7 2 0.0013715726130311755
2 7 3 5.807559712834707E-4
2 7 4 3.830518108465445E-4
2 7 5 3.212692607100051E-4
2 7 6 2.718432206007735E-4
2 7 7 8.031731517750127E-4
2 7 8 2.471302005461577E-4
2 7 9 4.942604010923154E-4
2 8 0 3.0891275068269716E-4
2 8 1 2.5948671057346564E-4
2 8 10 6.178255013653943E-5
2 8 11 2.2241718049154197E-4
2 8 2 4.819038910650076E-4
2 8 3 3.212692607100051E-4
2 8 4 9.885208021846309E-5
2 8 5 2.2241718049154197E-4
2 8 6 9.885208021846309E-5
2 8 7 2.5948671057346564E-4
2 8 8 2.3477369051884986E-4
2 8 9 1.7299114038231043E-4
2 9 0 2.1006067046423408E-4
2 9 1 1.9770416043692618E-4
2 9 10 3.583387907919287E-4
2 9 11 4.4483436098308394E-4
2 9 2 9.020252319934757E-4
2 9 3 1.8534765040961832E-4
2 9 4 8.649557019115521E-4
2 9 5 3.0891275068269716E-4
2 9 6 2.841997306280814E-4
2 9 7 3.583387907919287E-4
2 9 8 6.178255013653943E-5
2 9 9 9.76164292157323E-4
3 0 0 9.88520802184631E-4
3 0 1 0.0010132338222392468
3 0 10 5.189734211469313E-4
3 0 11 1.1120859024577098E-4
3 0 2 3.3362577073731294E-4
3 0 3 0.0010750163723757863
3 0 4 3.0891275068269716E-4
3 0 5 7.290340916111653E-4
3 0 6 2.471302005461577E-4
3 0 7 9.020252319934757E-4
3 0 8 0.001643415833631949
3 0 9 7.290340916111653E-4
3 1 0 0.0015074942233315623
3 1 1 9.514512721027073E-4
3 1 10 5.807559712834707E-4
3 1 11 7.413906016384733E-4
3 1 2 2.2241718049154197E-4
3 1 3 0.0016557723436592569
3 1 4 7.166775815838574E-4
3 1 5 3.212692607100051E-4
3 1 6 2.965562406553893E-4
3 1 7 2.965562406553893E-4
3 1 8 7.166775815838574E-4
3 1 9 1.2356510027307886E-4
3 10 0 4.2012134092846815E-4
3 10 1 2.841997306280814E-4
3 10 10 0.001210937982676173
3 10 11 2.2241718049154197E-4
3 10 2 3.4598228076462086E-4
3 10 3 0.0026937191859531195
3 10 4 4.077648309011603E-4
3 10 5 4.942604010923154E-4
3 10 6 1.6063463035500254E-4
3 10 7 8.278861718296284E-4
3 10 8 5.313299311742392E-4
3 10 9 1.6063463035500254E-4
3 11 0 1.6063463035500254E-4
3 11 1 1.7299114038231043E-4
3 11 10 2.718432206007735E-4
3 11 11 5.560429512288549E-4
3 11 2 1.1120859024577098E-4
3 11 3 9.143817420207836E-4
3 11 4 1.6063463035500254E-4
3 11 5 2.1006067046423408E-4
3 11 6 2.841997306280814E-4
3 11 7 1.9770416043692618E-4
3 11 8 4.4483436098308394E-4
3 11 9 1.7299114038231043E-4
3 2 0 5.931124813107786E-4
3 2 1 9.267382520480916E-4
3 2 10 2.3477369051884986E-4
3 2 11 1.8534765040961832E-4
3 2 2 5.066169111196234E-4
3 2 3 0.0010626598623484783
3 2 4 1.1120859024577098E-4
3 2 5 3.7069530081923664E-4
3 2 6 1.1120859024577098E-4
3 2 7 2.5948671057346564E-4
3 2 8 1.8534765040961832E-4
3 2 9 9.885208021846309E-5
3 3 0 0.0012727205328127123
3 3 1 9.143817420207836E-4
3 3 10 0.001865833014123491
3 3 11 5.931124813107786E-4
3 3 2 4.3247785095577607E-4
3 3 3 0.005239160251578544
3 3 4 0.0011120859024577098
3 3 5 7.290340916111653E-4
3 3 6 3.4598228076462086E-4
3 3 7 0.0013962856330857912
3 3 8 0.002421875965352346
3 3 9 3.0891275068269716E-4
3 4 0 3.3362577073731294E-4
3 4 1 5.313299311742392E-4
3 4 10 2.3477369051884986E-4
3 4 11 2.718432206007735E-4
3 4 2 6.178255013653943E-5
3 4 3 0.0011120859024577098
3 4 4 5.066169111196234E-4
3 4 5 7.908166417477047E-4
3 4 6 6.54895031447318E-4
3 4 7 3.212692607100051E-4
3 4 8 8.155296618023206E-4
3 4 9 1.8534765040961832E-4
3 5 0 8.155296618023206E-4
3 5 1 4.4483436098308394E-4
3 5 10 7.290340916111653E-4
3 5 11 1.6063463035500254E-4
3 5 2 2.718432206007735E-4
3 5 3 0.001544563753413486
3 5 4 1.8534765040961832E-4
3 5 5 0.001865833014123491
3 5 6 8.278861718296284E-4
3 5 7 0.0013592161030038675
3 5 8 0.001309790062894636
3 5 9 2.1006067046423408E-4
3 6 0 3.0891275068269716E-4
3 6 1 3.4598228076462086E-4
3 6 10 2.2241718049154197E-4
3 6 11 2.3477369051884986E-4
3 6 2 1.1120859024577098E-4
3 6 3 5.560429512288549E-4
3 6 4 2.1006067046423408E-4
3 6 5 2.2241718049154197E-4
3 6 6 3.9540832087385237E-4
3 6 7 1.3592161030038675E-4
3 6 8 4.695473810376997E-4
3 6 9 2.3477369051884986E-4
3 7 0 6.672515414746259E-4
3 7 1 3.212692607100051E-4
3 7 10 7.290340916111653E-4
3 7 11 1.1120859024577098E-4
3 7 2 5.807559712834707E-4
3 7 3 0.0018040504639869515
3 7 4 4.077648309011603E-4
3 7 5 2.841997306280814E-4
3 7 6 1.3592161030038675E-4
3 7 7 8.649557019115521E-4
3 7 8 0.001087372882403094
3 7 9 2.471302005461577E-4
3 8 0 0.0010255903322665546
3 8 1 9.020252319934757E-4
3 8 10 0.001087372882403094
3 8 11 3.830518108465445E-4
3 8 2 1.9770416043692618E-4
3 8 3 0.004275352469448529
3 8 4 0.0011367989225123257
3 8 5 9.143817420207836E-4
3 8 6 4.4483436098308394E-4
3 8 7 9.020252319934757E-4
3 8 8 0.0019276155642600303
3 8 9 2.3477369051884986E-4
3 9 0 6.178255013653943E-4
3 9 1 2.718432206007735E-4
3 9 10 1.9770416043692618E-4
3 9 11 1.3592161030038675E-4
3 9 2 1.4827812032769465E-4
3 9 3 5.189734211469313E-4
3 9 4 2.965562406553893E-4
3 9 5 1.9770416043692618E-4
3 9 6 2.5948671057346564E-4
3 9 7 3.212692607100051E-4
3 9 8 2.5948671057346564E-4
3 9 9 4.819038910650076E-4
4 0 0 0.0011738684525942492
4 0 1 3.4598228076462086E-4
4 0 10 3.3362577073731294E-4
4 0 11 4.819038910650076E-4
4 0 2 3.0891275068269716E-4
4 0 3 1.2356510027307886E-4
4 0 4 0.00175462442387772
4 0 5 8.031731517750127E-4
4 0 6 2.841997306280814E-4
4 0 7 5.807559712834707E-4
4 0 8 3.7069530081923664E-4
4 0 9 9.638077821300152E-4
4 1 0 3.0891275068269716E-4
4 1 1 5.807559712834707E-4
4 1 10 7.166775815838574E-4
4 1 11 4.077648309011603E-4
4 1 2 2.471302005461577E-4
4 1 3 6.796080515019337E-4
4 1 4 8.7731221193886E-4
4 1 5 1.8534765040961832E-4
4 1 6 3.830518108465445E-4
4 1 7 5.560429512288549E-4
4 1 8 7.537471116657811E-4
4 1 9 2.965562406553893E-4
4 10 0 3.583387907919287E-4
4 10 1 3.0891275068269716E-4
4 10 10 3.9540832087385237E-4
4 10 11 2.1006067046423408E-4
4 10 2 2.965562406553893E-4
4 10 3 3.0891275068269716E-4
4 10 4 6.301820113927023E-4
4 10 5 1.7299114038231043E-4
4 10 6 2.1006067046423408E-4
4 10 7 5.066169111196234E-4
4 10 8 3.583387907919287E-4
4 10 9 2.718432206007735E-4
4 11 0 3.583387907919287E-4
4 11 1 5.066169111196234E-4
4 11 10 3.0891275068269716E-4
4 11 11 0.00151985073335887
4 11 2 2.3477369051884986E-4
4 11 3 2.5948671057346564E-4
4 11 4 0.001532207243386178
4 11 5 1.4827812032769465E-4
4 11 6 4.571908710103918E-4
4 11 7 5.683994612561629E-4
4 11 8 4.571908710103918E-4
4 11 9 5.313299311742392E-4
4 2 0 4.4483436098308394E-4
4 2 1 5.313299311742392E-4
4 2 10 1.2356510027307886E-4
4 2 11 3.9540832087385237E-4
4 2 2 5.189734211469313E-4
4 2 3 1.3592161030038675E-4
4 2 4 0.001420998653140407
4 2 5 2.841997306280814E-4
4 2 6 2.965562406553893E-4
4 2 7 2.5948671057346564E-4
4 2 8 1.2356510027307886E-4
4 2 9 3.7069530081923664E-4
4 3 0 5.066169111196234E-4
4 3 1 8.278861718296284E-4
4 3 10 3.0891275068269716E-4
4 3 11 2.471302005461577E-4
4 3 2 8.649557019115521E-4
4 3 3 7.537471116657811E-4
4 3 4 7.166775815838574E-4
4 3 5 2.3477369051884986E-4
4 3 6 2.471302005461577E-4
4 3 7 3.0891275068269716E-4
4 3 8 6.301820113927023E-4
4 3 9 2.1006067046423408E-4
4 4 0 9.638077821300152E-4
4 4 1 7.043210715565496E-4
4 4 10 6.301820113927023E-4
4 4 11 0.001087372882403094
4 4 2 5.43686441201547E-4
4 4 3 5.807559712834707E-4
4 4 4 0.0034227532775642847
4 4 5 6.796080515019337E-4
4 4 6 7.537471116657811E-4
4 4 7 7.043210715565496E-4
4 4 8 8.031731517750127E-4
4 4 9 0.0012232944927034809
4 5 0 4.571908710103918E-4
4 5 1 4.077648309011603E-4
4 5 10 3.4598228076462086E-4
4 5 11 1.3592161030038675E-4
4 5 2 3.0891275068269716E-4
4 5 3 9.885208021846309E-5
4 5 4 8.649557019115521E-4
4 5 5 5.807559712834707E-4
4 5 6 4.695473810376997E-4
4 5 7 0.0027802147561442744
4 5 8 3.3362577073731294E-4
4 5 9 3.583387907919287E-4
4 6 0 2.1006067046423408E-4
4 6 1 1.9770416043692618E-4
4 6 10 3.706953008192366E-5
4 6 11 5.313299311742392E-4
4 6 2 2.471302005461577E-4
4 6 3 2.965562406553893E-4
4 6 4 0.001420998653140407
4 6 5 1.8534765040961832E-4
4 6 6 7.413906016384733E-4
4 6 7 2.841997306280814E-4
4 6 8 7.043210715565496E-4
4 6 9 7.537471116657811E-4
4 7 0 7.537471116657811E-4
4 7 1 4.2012134092846815E-4
4 7 10 5.807559712834707E-4
4 7 11 4.819038910650076E-4
4 7 2 3.4598228076462086E-4
4 7 3 2.5948671057346564E-4
4 7 4 0.0013715726130311755
4 7 5 3.0891275068269716E-4
4 7 6 3.3362577073731294E-4
4 7 7 9.638077821300152E-4
4 7 8 4.077648309011603E-4
4 7 9 3.4598228076462086E-4
4 8 0 2.471302005461577E-4
4 8 1 6.054689913380864E-4
4 8 10 3.3362577073731294E-4
4 8 11 4.819038910650076E-4
4 8 2 9.885208021846309E-5
4 8 3 6.672515414746259E-4
4 8 4 9.514512721027073E-4
4 8 5 3.7069530081923664E-4
4 8 6 2.718432206007735E-4
4 8 7 4.819038910650076E-4
4 8 8 8.7731221193886E-4
4 8 9 2.2241718049154197E-4
4 9 0 8.896687219661679E-4
4 9 1 2.5948671057346564E-4
4 9 10 2.2241718049154197E-4
4 9 11 7.290340916111653E-4
4 9 2 5.560429512288549E-4
4 9 3 1.6063463035500254E-4
4 9 4 0.002199458784860804
4 9 5 4.942604010923154E-4
4 9 6 5.807559712834707E-4
4 9 7 4.3247785095577607E-4
4 9 8 2.5948671057346564E-4
4 9 9 0.0016063463035500254
5 0 0 0.0018040504639869515
5 0 1 8.649557019115521E-4
5 0 10 0.0013345030829492518
5 0 11 1.8534765040961832E-4
5 0 2 4.2012134092846815E-4
5 0 3 4.077648309011603E-4
5 0 4 3.9540832087385237E-4
5 0 5 0.006042333403353557
5 0 6 5.066169111196234E-4
5 0 7 8.155296618023206E-4
5 0 8 0.002730788716035043
5 0 9 6.054689913380864E-4
5 1 0 6.301820113927023E-4
5 1 1 7.413906016384733E-4
5 1 10 5.683994612561629E-4
5 1 11 8.649557019115521E-5
5 1 2 1.3592161030038675E-4
5 1 3 4.077648309011603E-4
5 1 4 2.965562406553893E-4
5 1 5 0.0011244424124850177
5 1 6 3.0891275068269716E-4
5 1 7 5.683994612561629E-4
5 1 8 6.672515414746259E-4
5 1 9 1.2356510027307886E-4
5 10 0 9.143817420207836E-4
5 10 1 5.931124813107786E-4
5 10 10 7.166775815838574E-4
5 10 11 2.2241718049154197E-4
5 10 2 1.7299114038231043E-4
5 10 3 2.5948671057346564E-4
5 10 4 2.5948671057346564E-4
5 10 5 0.001742267913850412
5 10 6 3.0891275068269716E-4
5 10 7 9.514512721027073E-4
5 10 8 6.919645615292417E-4
5 10 9 3.4598228076462086E-4
5 11 0 8.649557019115521E-5
5 11 1 6.178255013653943E-5
5 11 10 1.9770416043692618E-4
5 11 11 3.7069530081923664E-4
5 11 2 4.819038910650076E-4
5 11 3 7.413906016384732E-5
5 11 4 1.9770416043692618E-4
5 11 5 5.313299311742392E-4
5 11 6 6.178255013653943E-5
5 11 7 2.471302005461577E-4
5 11 8 4.077648309011603E-4
5 11 9 2.2241718049154197E-4
5 2 0 6.301820113927023E-4
5 2 1 1.1120859024577098E-4
5 2 10 2.841997306280814E-4
5 2 11 3.3362577073731294E-4
5 2 2 5.807559712834707E-4
5 2 3 6.054689913380864E-4
5 2 4 2.718432206007735E-4
5 2 5 7.784601317203969E-4
5 2 6 1.2356510027307886E-4
5 2 7 3.830518108465445E-4
5 2 8 3.3362577073731294E-4
5 2 9 3.830518108465445E-4
5 3 0 5.560429512288549E-4
5 3 1 0.001309790062894636
5 3 10 3.7069530081923664E-4
5 3 11 1.1120859024577098E-4
5 3 2 6.054689913380864E-4
5 3 3 5.931124813107786E-4
5 3 4 1.7299114038231043E-4
5 3 5 0.002743145226062351
5 3 6 2.5948671057346564E-4
5 3 7 4.077648309011603E-4
5 3 8 5.931124813107786E-4
5 3 9 1.6063463035500254E-4
5 4 0 4.942604010923154E-4
5 4 1 2.471302005461577E-4
5 4 10 9.885208021846309E-5
5 4 11 1.4827812032769465E-4
5 4 2 6.054689913380864E-4
5 4 3 8.155296618023206E-4
5 4 4 7.413906016384733E-4
5 4 5 5.189734211469313E-4
5 4 6 1.2356510027307886E-4
5 4 7 3.7069530081923664E-4
5 4 8 3.212692607100051E-4
5 4 9 4.695473810376997E-4
5 5 0 0.0026813626759258115
5 5 1 8.7731221193886E-4
5 5 10 0.0011120859024577098
5 5 11 4.077648309011603E-4
5 5 2 4.3247785095577607E-4
5 5 3 0.0010008773122119389
5 5 4 6.54895031447318E-4
5 5 5 0.013518021969874828
5 5 6 7.043210715565496E-4
5 5 7 0.001420998653140407
5 5 8 0.0014580681832223306
5 5 9 6.054689913380864E-4
5 6 0 1.1120859024577098E-4
5 6 1 3.830518108465445E-4
5 6 10 1.4827812032769465E-4
5 6 11 2.4713020054615773E-5
5 6 2 9.885208021846309E-5
5 6 3 3.4598228076462086E-4
5 6 4 1.1120859024577098E-4
5 6 5 9.76164292157323E-4
5 6 6 5.066169111196234E-4
5 6 7 6.054689913380864E-4
5 6 8 0.0010255903322665546
5 6 9 1.8534765040961832E-4
5 7 0 8.649557019115521E-4
5 7 1 4.2012134092846815E-4
5 7 10 0.001087372882403094
5 7 11 1.6063463035500254E-4
5 7 2 3.4598228076462086E-4
5 7 3 3.0891275068269716E-4
5 7 4 2.471302005461577E-4
5 7 5 0.0014457116731950229
5 7 6 1.2356510027307886E-4
5 7 7 0.0011862249626215572
5 7 8 0.0018534765040961832
5 7 9 0.0026813626759258115
5 8 0 0.0017051983837684883
5 8 1 9.76164292157323E-4
5 8 10 8.278861718296284E-4
5 8 11 3.0891275068269716E-4
5 8 2 3.4598228076462086E-4
5 8 3 7.66103621693089E-4
5 8 4 1.4827812032769465E-4
5 8 5 0.002211815294888112
5 8 6 2.5948671057346564E-4
5 8 7 9.514512721027073E-4
5 8 8 9.76164292157323E-4
5 8 9 2.3477369051884986E-4
5 9 0 4.2012134092846815E-4
5 9 1 1.4827812032769465E-4
5 9 10 2.841997306280814E-4
5 9 11 2.471302005461577E-4
5 9 2 3.7069530081923664E-4
5 9 3 1.2356510027307886E-4
5 9 4 3.583387907919287E-4
5 9 5 7.784601317203969E-4
5 9 6 2.471302005461577E-4
5 9 7 2.718432206007735E-4
5 9 8 4.571908710103918E-4
5 9 9 0.0010132338222392468
6 0 0 1.6063463035500254E-4
6 0 1 2.965562406553893E-4
6 0 10 9.885208021846309E-5
6 0 11 1.9770416043692618E-4
6 0 2 1.4827812032769465E-4
6 0 3 2.1006067046423408E-4
6 0 4 3.0891275068269716E-4
6 0 5 1.2356510027307886E-4
6 0 6 3.830518108465445E-4
6 0 7 2.471302005461577E-4
6 0 8 1.7299114038231043E-4
6 0 9 1.7299114038231043E-4
6 1 0 1.3592161030038675E-4
6 1 1 8.649557019115521E-4
6 1 10 3.583387907919287E-4
6 1 11 4.077648309011603E-4
6 1 2 2.3477369051884986E-4
6 1 3 4.695473810376997E-4
6 1 4 3.4598228076462086E-4
6 1 5 4.077648309011603E-4
6 1 6 0.0010626598623484783
6 1 7 2.1006067046423408E-4
6 1 8 5.683994612561629E-4
6 1 9 3.830518108465445E-4
6 10 0 1.8534765040961832E-4
6 10 1 2.3477369051884986E-4
6 10 10 2.471302005461577E-4
6 10 11 2.471302005461577E-4
6 10 2 7.413906016384732E-5
6 10 3 2.3477369051884986E-4
6 10 4 9.885208021846309E-5
6 10 5 2.2241718049154197E-4
6 10 6 3.3362577073731294E-4
6 10 7 1.2356510027307886E-4
6 10 8 1.4827812032769465E-4
6 10 9 1.4827812032769465E-4
6 11 0 2.3477369051884986E-4
6 11 1 4.819038910650076E-4
6 11 10 8.649557019115521E-5
6 11 11 0.001087372882403094
6 11 2 6.672515414746259E-4
6 11 3 2.2241718049154197E-4
6 11 4 6.054689913380864E-4
6 11 5 3.706953008192366E-5
6 11 6 7.413906016384733E-4
6 11 7 2.5948671057346564E-4
6 11 8 5.683994612561629E-4
6 11 9 2.3477369051884986E-4
6 2 0 1.2356510027307886E-4
6 2 1 2.471302005461577E-4
6 2 10 2.1006067046423408E-4
6 2 11 3.212692607100051E-4
6 2 2 3.4598228076462086E-4
6 2 3 4.9426040109231546E-5
6 2 4 2.3477369051884986E-4
6 2 5 1.1120859024577098E-4
6 2 6 5.807559712834707E-4
6 2 7 2.471302005461577E-4
6 2 8 1.4827812032769465E-4
6 2 9 3.3362577073731294E-4
6 3 0 5.066169111196234E-4
6 3 1 3.7069530081923664E-4
6 3 10 2.2241718049154197E-4
6 3 11 2.965562406553893E-4
6 3 2 3.706953008192366E-5
6 3 3 4.3247785095577607E-4
6 3 4 3.4598228076462086E-4
6 3 5 6.672515414746259E-4
6 3 6 4.942604010923154E-4
6 3 7 3.212692607100051E-4
6 3 8 3.4598228076462086E-4
6 3 9 2.965562406553893E-4
6 4 0 2.3477369051884986E-4
6 4 1 4.077648309011603E-4
6 4 10 1.7299114038231043E-4
6 4 11 7.784601317203969E-4
6 4 2 3.9540832087385237E-4
6 4 3 3.830518108465445E-4
6 4 4 6.054689913380864E-4
6 4 5 4.9426040109231546E-5
6 4 6 0.0014457116731950229
6 4 7 4.2012134092846815E-4
6 4 8 3.7069530081923664E-4
6 4 9 3.583387907919287E-4
6 5 0 3.212692607100051E-4
6 5 1 1.9770416043692618E-4
6 5 10 4.4483436098308394E-4
6 5 11 9.885208021846309E-5
6 5 2 2.718432206007735E-4
6 5 3 6.919645615292417E-4
6 5 4 7.413906016384733E-4
6 5 5 7.784601317203969E-4
6 5 6 5.931124813107786E-4
6 5 7 1.3592161030038675E-4
6 5 8 3.9540832087385237E-4
6 5 9 2.2241718049154197E-4
6 6 0 4.077648309011603E-4
6 6 1 8.525991918842442E-4
6 6 10 2.3477369051884986E-4
6 6 11 9.638077821300152E-4
6 6 2 3.9540832087385237E-4
6 6 3 3.212692607100051E-4
6 6 4 5.807559712834707E-4
6 6 5 4.077648309011603E-4
6 6 6 0.002520728045570809
6 6 7 5.560429512288549E-4
6 6 8 5.931124813107786E-4
6 6 9 6.796080515019337E-4
6 7 0 1.4827812032769465E-4
6 7 1 1.7299114038231043E-4
6 7 10 2.965562406553893E-4
6 7 11 2.841997306280814E-4
6 7 2 9.885208021846309E-5
6 7 3 7.413906016384732E-5
6 7 4 1.4827812032769465E-4
6 7 5 2.965562406553893E-4
6 7 6 3.9540832087385237E-4
6 7 7 4.4483436098308394E-4
6 7 8 5.189734211469313E-4
6 7 9 4.571908710103918E-4
6 8 0 6.178255013653943E-5
6 8 1 6.672515414746259E-4
6 8 10 9.143817420207836E-4
6 8 11 4.2012134092846815E-4
6 8 2 1.4827812032769465E-4
6 8 3 3.4598228076462086E-4
6 8 4 5.066169111196234E-4
6 8 5 2.3477369051884986E-4
6 8 6 9.267382520480916E-4
6 8 7 9.885208021846309E-5
6 8 8 8.402426818569363E-4
6 8 9 5.560429512288549E-4
6 9 0 3.212692607100051E-4
6 9 1 4.4483436098308394E-4
6 9 10 1.7299114038231043E-4
6 9 11 4.4483436098308394E-4
6 9 2 3.830518108465445E-4
6 9 3 2.841997306280814E-4
6 9 4 4.4483436098308394E-4
6 9 5 1.1120859024577098E-4
6 9 6 8.7731221193886E-4
6 9 7 2.5948671057346564E-4
6 9 8 3.212692607100051E-4
6 9 9 6.301820113927023E-4
7 0 0 0.0015939897935227175
7 0 1 5.560429512288549E-4
7 0 10 5.931124813107786E-4
7 0 11 2.5948671057346564E-4
7 0 2 3.4598228076462086E-4
7 0 3 5.43686441201547E-4
7 0 4 6.301820113927023E-4
7 0 5 8.402426818569363E-4
7 0 6 9.885208021846309E-5
7 0 7 0.001952328584314646
7 0 8 0.0010379468422938626
7 0 9 5.066169111196234E-4
7 1 0 3.212692607100051E-4
7 1 1 9.267382520480916E-4
7 1 10 4.571908710103918E-4
7 1 11 2.1006067046423408E-4
7 1 2 6.178255013653943E-5
7 1 3 4.3247785095577607E-4
7 1 4 2.2241718049154197E-4
7 1 5 5.066169111196234E-4
7 1 6 2.3477369051884986E-4
7 1 7 8.278861718296284E-4
7 1 8 4.695473810376997E-4
7 1 9 1.7299114038231043E-4
7 10 0 6.672515414746259E-4
7 10 1 6.796080515019337E-4
7 10 10 9.020252319934757E-4
7 10 11 9.885208021846309E-5
7 10 2 2.841997306280814E-4
7 10 3 8.402426818569363E-4
7 10 4 4.819038910650076E-4
7 10 5 7.66103621693089E-4
7 10 6 3.706953008192366E-5
7 10 7 0.0017299114038231043
7 10 8 9.390947620753994E-4
7 10 9 2.5948671057346564E-4
7 11 0 2.1006067046423408E-4
7 11 1 1.8534765040961832E-4
7 11 10 2.841997306280814E-4
7 11 11 5.313299311742392E-4
7 11 2 3.583387907919287E-4
7 11 3 1.2356510027307886E-4
7 11 4 6.054689913380864E-4
7 11 5 1.8534765040961832E-4
7 11 6 2.965562406553893E-4
7 11 7 0.0010132338222392468
7 11 8 2.841997306280814E-4
7 11 9 1.9770416043692618E-4
7 2 0 3.7069530081923664E-4
7 2 1 2.718432206007735E-4
7 2 10 5.066169111196234E-4
7 2 11 3.3362577073731294E-4
7 2 2 0.0010132338222392468
7 2 3 4.077648309011603E-4
7 2 4 2.965562406553893E-4
7 2 5 2.1006067046423408E-4
7 2 6 1.1120859024577098E-4
7 2 7 0.0016804853637138726
7 2 8 1.9770416043692618E-4
7 2 9 3.212692607100051E-4
7 3 0 6.796080515019337E-4
7 3 1 1.8534765040961832E-4
7 3 10 7.290340916111653E-4
7 3 11 1.7299114038231043E-4
7 3 2 3.3362577073731294E-4
7 3 3 0.0011862249626215572
7 3 4 2.965562406553893E-4
7 3 5 5.189734211469313E-4
7 3 6 1.3592161030038675E-4
7 3 7 0.0017299114038231043
7 3 8 8.031731517750127E-4
7 3 9 2.471302005461577E-4
7 4 0 5.43686441201547E-4
7 4 1 4.571908710103918E-4
7 4 10 4.3247785095577607E-4
7 4 11 8.155296618023206E-4
7 4 2 3.9540832087385237E-4
7 4 3 3.212692607100051E-4
7 4 4 8.525991918842442E-4
7 4 5 5.683994612561629E-4
7 4 6 2.471302005461577E-4
7 4 7 0.0014457116731950229
7 4 8 2.2241718049154197E-4
7 4 9 5.313299311742392E-4
7 5 0 8.649557019115521E-4
7 5 1 3.212692607100051E-4
7 5 10 5.43686441201547E-4
7 5 11 1.6063463035500254E-4
7 5 2 4.4483436098308394E-4
7 5 3 0.0010255903322665546
7 5 4 6.672515414746259E-4
7 5 5 7.784601317203969E-4
7 5 6 1.6063463035500254E-4
7 5 7 0.0016187028135773332
7 5 8 6.796080515019337E-4
7 5 9 5.313299311742392E-4
7 6 0 1.1120859024577098E-4
7 6 1 2.2241718049154197E-4
7 6 10 1.6063463035500254E-4
7 6 11 3.212692607100051E-4
7 6 2 2.3477369051884986E-4
7 6 3 4.4483436098308394E-4
7 6 4 5.313299311742392E-4
7 6 5 0.0011862249626215572
7 6 6 4.942604010923154E-4
7 6 7 2.841997306280814E-4
7 6 8 8.649557019115521E-5
7 6 9 2.2241718049154197E-4
7 7 0 0.0010132338222392468
7 7 1 4.942604010923154E-4
7 7 10 8.7731221193886E-4
7 7 11 6.796080515019337E-4
7 7 2 0.0010750163723757863
7 7 3 9.514512721027073E-4
7 7 4 8.155296618023206E-4
7 7 5 8.402426818569363E-4
7 7 6 6.54895031447318E-4
7 7 7 0.0038428746184927527
7 7 8 0.001099729392430402
7 7 9 7.043210715565496E-4
7 8 0 0.0010008773122119389
7 8 1 0.0010132338222392468
7 8 10 0.0016928418737411806
7 8 11 1.7299114038231043E-4
7 8 2 2.5948671057346564E-4
7 8 3 0.0010379468422938626
7 8 4 3.583387907919287E-4
7 8 5 5.931124813107786E-4
7 8 6 2.471302005461577E-4
7 8 7 0.0020017546244238777
7 8 8 0.0015692767734681017
7 8 9 0.0011120859024577098
7 9 0 4.571908710103918E-4
7 9 1 1.1120859024577098E-4
7 9 10 4.077648309011603E-4
7 9 11 6.054689913380864E-4
7 9 2 5.066169111196234E-4
7 9 3 2.2241718049154197E-4
7 9 4 0.002335380395161191
7 9 5 3.212692607100051E-4
7 9 6 2.965562406553893E-4
7 9 7 9.020252319934757E-4
7 9 8 5.560429512288549E-4
7 9 9 8.278861718296284E-4
8 0 0 0.001643415833631949
8 0 1 9.76164292157323E-4
8 0 10 4.2012134092846815E-4
8 0 11 1.8534765040961832E-4
8 0 2 2.841997306280814E-4
8 0 3 0.001297433552867328
8 0 4 4.2012134092846815E-4
8 0 5 0.0020017546244238777
8 0 6 1.2356510027307886E-4
8 0 7 8.155296618023206E-4
8 0 8 0.0032250491171273584
8 0 9 2.3477369051884986E-4
8 1 0 8.525991918842442E-4
8 1 1 0.0014333551631677149
8 1 10 0.0017916939539596437
8 1 11 2.965562406553893E-4
8 1 2 1.9770416043692618E-4
8 1 3 8.031731517750127E-4
8 1 4 5.313299311742392E-4
8 1 5 4.077648309011603E-4
8 1 6 5.43686441201547E-4
8 1 7 5.560429512288549E-4
8 1 8 0.0028790668363627378
8 1 9 6.919645615292417E-4
8 10 0 0.0024342324753796538
8 10 1 7.784601317203969E-4
8 10 10 0.0010626598623484783
8 10 11 6.425385214200101E-4
8 10 2 3.9540832087385237E-4
8 10 3 0.0011615119425669414
8 10 4 2.718432206007735E-4
8 10 5 0.0014086421431130992
8 10 6 1.6063463035500254E-4
8 10 7 5.931124813107786E-4
8 10 8 0.0015939897935227175
8 10 9 4.9426040109231546E-5
8 11 0 2.1006067046423408E-4
8 11 1 5.683994612561629E-4
8 11 10 2.965562406553893E-4
8 11 11 6.796080515019337E-4
8 11 2 2.1006067046423408E-4
8 11 3 3.212692607100051E-4
8 11 4 3.583387907919287E-4
8 11 5 1.8534765040961832E-4
8 11 6 2.5948671057346564E-4
8 11 7 1.6063463035500254E-4
8 11 8 0.0011120859024577098
8 11 9 2.841997306280814E-4
8 2 0 5.066169111196234E-4
8 2 1 3.7069530081923664E-4
8 2 10 1.7299114038231043E-4
8 2 11 1.3592161030038675E-4
8 2 2 2.471302005461577E-4
8 2 3 2.471302005461577E-4
8 2 4 1.2356510027307886E-4
8 2 5 3.4598228076462086E-4
8 2 6 1.2356510027307886E-4
8 2 7 2.5948671057346564E-4
8 2 8 4.819038910650076E-4
8 2 9 1.4827812032769465E-4
8 3 0 0.0011985814726488651
8 3 1 9.514512721027073E-4
8 3 10 8.278861718296284E-4
8 3 11 3.7069530081923664E-4
8 3 2 2.965562406553893E-4
8 3 3 0.0032497621371819743
8 3 4 5.189734211469313E-4
8 3 5 0.0010255903322665546
8 3 6 3.583387907919287E-4
8 3 7 6.425385214200101E-4
8 3 8 0.004287708979475837
8 3 9 7.66103621693089E-4
8 4 0 4.571908710103918E-4
8 4 1 9.020252319934757E-4
8 4 10 4.819038910650076E-4
8 4 11 4.819038910650076E-4
8 4 2 8.649557019115521E-5
8 4 3 6.425385214200101E-4
8 4 4 7.413906016384733E-4
8 4 5 2.1006067046423408E-4
8 4 6 3.4598228076462086E-4
8 4 7 4.4483436098308394E-4
8 4 8 0.0014086421431130992
8 4 9 3.4598228076462086E-4
8 5 0 0.002644293145843888
8 5 1 7.043210715565496E-4
8 5 10 3.9540832087385237E-4
8 5 11 4.571908710103918E-4
8 5 2 4.695473810376997E-4
8 5 3 6.54895031447318E-4
8 5 4 3.0891275068269716E-4
8 5 5 0.0010626598623484783
8 5 6 4.3247785095577607E-4
8 5 7 8.7731221193886E-4
8 5 8 0.0020264676444784937
8 5 9 1.7299114038231043E-4
8 6 0 1.4827812032769465E-4
8 6 1 5.43686441201547E-4
8 6 10 2.718432206007735E-4
8 6 11 4.077648309011603E-4
8 6 2 1.8534765040961832E-4
8 6 3 5.066169111196234E-4
8 6 4 6.178255013653943E-4
8 6 5 4.4483436098308394E-4
8 6 6 5.189734211469313E-4
8 6 7 9.885208021846309E-5
8 6 8 8.155296618023206E-4
8 6 9 2.718432206007735E-4
8 7 0 5.560429512288549E-4
8 7 1 2.965562406553893E-4
8 7 10 4.819038910650076E-4
8 7 11 2.3477369051884986E-4
8 7 2 3.212692607100051E-4
8 7 3 8.525991918842442E-4
8 7 4 4.819038910650076E-4
8 7 5 0.0018411199940688752
8 7 6 0.0010626598623484783
8 7 7 0.0011367989225123257
8 7 8 0.002940849386499277
8 7 9 4.695473810376997E-4
8 8 0 0.0017051983837684883
8 8 1 0.0015816332834954095
8 8 10 0.0011367989225123257
8 8 11 6.054689913380864E-4
8 8 2 3.7069530081923664E-4
8 8 3 0.0020017546244238777
8 8 4 0.001087372882403094
8 8 5 0.0010750163723757863
8 8 6 5.931124813107786E-4
8 8 7 0.0011120859024577098
8 8 8 0.006561306824500488
8 8 9 6.301820113927023E-4
8 9 0 3.4598228076462086E-4
8 9 1 4.3247785095577607E-4
8 9 10 4.942604010923154E-4
8 9 11 5.189734211469313E-4
8 9 2 1.3592161030038675E-4
8 9 3 1.4827812032769465E-4
8 9 4 2.3477369051884986E-4
8 9 5 1.7299114038231043E-4
8 9 6 2.841997306280814E-4
8 9 7 1.4827812032769465E-4
8 9 8 0.001532207243386178
8 9 9 6.796080515019337E-4
9 0 0 8.278861718296284E-4
9 0 1 3.9540832087385237E-4
9 0 10 4.942604010923154E-4
9 0 11 4.3247785095577607E-4
9 0 2 3.3362577073731294E-4
9 0 3 3.830518108465445E-4
9 0 4 7.166775815838574E-4
9 0 5 4.077648309011603E-4
9 0 6 3.4598228076462086E-4
9 0 7 2.965562406553893E-4
9 0 8 2.1006067046423408E-4
9 0 9 0.0013839291230584834
9 1 0 3.583387907919287E-4
9 1 1 4.819038910650076E-4
9 1 10 1.7299114038231043E-4
9 1 11 2.718432206007735E-4
9 1 2 1.6063463035500254E-4
9 1 3 2.5948671057346564E-4
9 1 4 2.841997306280814E-4
9 1 5 1.2356510027307886E-4
9 1 6 3.583387907919287E-4
9 1 7 1.4827812032769465E-4
9 1 8 3.4598228076462086E-4
9 1 9 5.683994612561629E-4
9 10 0 5.189734211469313E-4
9 10 1 2.1006067046423408E-4
9 10 10 8.649557019115521E-4
9 10 11 3.830518108465445E-4
9 10 2 3.212692607100051E-4
9 10 3 2.471302005461577E-4
9 10 4 2.1006067046423408E-4
9 10 5 3.9540832087385237E-4
9 10 6 2.4713020054615773E-5
9 10 7 3.7069530081923664E-4
9 10 8 8.649557019115521E-5
9 10 9 5.931124813107786E-4
9 11 0 5.189734211469313E-4
9 11 1 7.908166417477047E-4
9 11 10 2.1006067046423408E-4
9 11 11 6.301820113927023E-4
9 11 2 6.178255013653943E-4
9 11 3 1.3592161030038675E-4
9 11 4 5.560429512288549E-4
9 11 5 9.885208021846309E-5
9 11 6 4.571908710103918E-4
9 11 7 1.8534765040961832E-4
9 11 8 3.212692607100051E-4
9 11 9 9.76164292157323E-4
9 2 0 4.2012134092846815E-4
9 2 1 2.841997306280814E-4
9 2 10 3.830518108465445E-4
9 2 11 5.683994612561629E-4
9 2 2 6.178255013653943E-4
9 2 3 1.4827812032769465E-4
9 2 4 6.301820113927023E-4
9 2 5 3.9540832087385237E-4
9 2 6 3.0891275068269716E-4
9 2 7 4.077648309011603E-4
9 2 8 6.178255013653943E-5
9 2 9 0.0011491554325396335
9 3 0 3.7069530081923664E-4
9 3 1 1.6063463035500254E-4
9 3 10 1.2356510027307886E-4
9 3 11 8.649557019115521E-5
9 3 2 2.2241718049154197E-4
9 3 3 3.583387907919287E-4
9 3 4 1.9770416043692618E-4
9 3 5 1.9770416043692618E-4
9 3 6 3.212692607100051E-4
9 3 7 9.885208021846309E-5
9 3 8 3.830518108465445E-4
9 3 9 5.189734211469313E-4
9 4 0 0.0014333551631677149
9 4 1 3.9540832087385237E-4
9 4 10 2.2241718049154197E-4
9 4 11 6.054689913380864E-4
9 4 2 5.189734211469313E-4
9 4 3 2.2241718049154197E-4
9 4 4 0.0013592161030038675
9 4 5 0.0023848064352704223
9 4 6 3.830518108465445E-4
9 4 7 2.5948671057346564E-4
9 4 8 2.471302005461577E-4
9 4 9 0.0024465889854069617
9 5 0 5.683994612561629E-4
9 5 1 1.2356510027307886E-4
9 5 10 2.841997306280814E-4
9 5 11 2.3477369051884986E-4
9 5 2 4.4483436098308394E-4
9 5 3 1.9770416043692618E-4
9 5 4 4.077648309011603E-4
9 5 5 6.054689913380864E-4
9 5 6 8.649557019115521E-5
9 5 7 2.718432206007735E-4
9 5 8 2.3477369051884986E-4
9 5 9 9.638077821300152E-4
9 6 0 3.0891275068269716E-4
9 6 1 4.2012134092846815E-4
9 6 10 1.8534765040961832E-4
9 6 11 3.3362577073731294E-4
9 6 2 2.718432206007735E-4
9 6 3 3.0891275068269716E-4
9 6 4 4.819038910650076E-4
9 6 5 1.2356510027307886E-4
9 6 6 9.638077821300152E-4
9 6 7 3.7069530081923664E-4
9 6 8 5.313299311742392E-4
9 6 9 8.7731221193886E-4
9 7 0 4.942604010923154E-4
9 7 1 9.885208021846309E-5
9 7 10 2.965562406553893E-4
9 7 11 3.0891275068269716E-4
9 7 2 3.583387907919287E-4
9 7 3 2.2241718049154197E-4
9 7 4 3.9540832087385237E-4
9 7 5 5.43686441201547E-4
9 7 6 5.066169111196234E-4
9 7 7 6.796080515019337E-4
9 7 8 2.5948671057346564E-4
9 7 9 0.0011244424124850177
9 8 0 2.3477369051884986E-4
9 8 1 5.560429512288549E-4
9 8 10 1.1120859024577098E-4
9 8 11 3.0891275068269716E-4
9 8 2 1.6063463035500254E-4
9 8 3 6.425385214200101E-4
9 8 4 3.4598228076462086E-4
9 8 5 5.066169111196234E-4
9 8 6 5.313299311742392E-4
9 8 7 0.0013345030829492518
9 8 8 8.402426818569363E-4
9 8 9 8.402426818569363E-4
9 9 0 9.267382520480916E-4
9 9 1 5.066169111196234E-4
9 9 10 8.525991918842442E-4
9 9 11 8.155296618023206E-4
9 9 2 9.514512721027073E-4
9 9 3 3.583387907919287E-4
9 9 4 0.0016310593236046412
9 9 5 8.7731221193886E-4
9 9 6 6.301820113927023E-4
9 9 7 7.290340916111653E-4
9 9 8 8.896687219661679E-4
9 9 9 0.005931124813107786
