425177
0 0 0 13199
0 0 1 1806
0 0 10 1473
0 0 11 171
0 0 2 756
0 0 3 682
0 0 4 146
0 0 5 1353
0 0 6 105
0 0 7 971
0 0 8 831
0 0 9 197
0 1 0 3069
0 1 1 1141
0 1 10 744
0 1 11 19
0 1 2 173
0 1 3 2199
0 1 4 86
0 1 5 598
0 1 6 72
0 1 7 140
0 1 8 203
0 1 9 51
0 10 0 1634
0 10 1 897
0 10 10 1313
0 10 11 68
0 10 2 267
0 10 3 236
0 10 4 25
0 10 5 552
0 10 6 97
0 10 7 260
0 10 8 2114
0 10 9 719
0 11 0 112
0 11 1 6
0 11 10 311
0 11 11 107
0 11 2 71
0 11 3 17
0 11 4 12
0 11 5 26
0 11 6 4
0 11 7 7
0 11 8 19
0 11 9 61
0 2 0 571
0 2 1 45
0 2 10 189
0 2 11 18
0 2 2 775
0 2 3 1337
0 2 4 572
0 2 5 188
0 2 6 22
0 2 7 99
0 2 8 17
0 2 9 136
0 3 0 907
0 3 1 401
0 3 10 341
0 3 11 25
0 3 2 270
0 3 3 572
0 3 4 78
0 3 5 620
0 3 6 365
0 3 7 620
0 3 8 137
0 3 9 51
0 4 0 103
0 4 1 15
0 4 10 18
0 4 11 4
0 4 2 80
0 4 3 109
0 4 4 162
0 4 5 137
0 4 6 4
0 4 7 121
0 4 8 15
0 4 9 43
0 5 0 1916
0 5 1 324
0 5 10 221
0 5 11 25
0 5 2 124
0 5 3 408
0 5 4 107
0 5 5 1704
0 5 6 135
0 5 7 274
0 5 8 873
0 5 9 109
0 6 0 65
0 6 1 39
0 6 10 32
0 6 11 1
0 6 2 2
0 6 3 151
0 6 4 7
0 6 5 184
0 6 6 83
0 6 7 8
0 6 8 16
0 6 9 14
0 7 0 925
0 7 1 60
0 7 10 286
0 7 11 15
0 7 2 182
0 7 3 546
0 7 4 40
0 7 5 403
0 7 6 39
0 7 7 933
0 7 8 490
0 7 9 134
0 8 0 1172
0 8 1 90
0 8 10 668
0 8 11 16
0 8 2 26
0 8 3 291
0 8 4 26
0 8 5 1262
0 8 6 32
0 8 7 517
0 8 8 621
0 8 9 25
0 9 0 402
0 9 1 9
0 9 10 228
0 9 11 26
0 9 2 41
0 9 3 42
0 9 4 69
0 9 5 139
0 9 6 75
0 9 7 100
0 9 8 67
0 9 9 166
1 0 0 1662
1 0 1 1730
1 0 10 2290
1 0 11 183
1 0 2 104
1 0 3 768
1 0 4 107
1 0 5 801
1 0 6 86
1 0 7 289
1 0 8 634
1 0 9 140
1 1 0 1236
1 1 1 3333
1 1 10 440
1 1 11 87
1 1 2 72
1 1 3 683
1 1 4 55
1 1 5 361
1 1 6 43
1 1 7 80
1 1 8 247
1 1 9 25
1 10 0 782
1 10 1 897
1 10 10 633
1 10 11 57
1 10 2 5
1 10 3 179
1 10 4 36
1 10 5 756
1 10 6 107
1 10 7 262
1 10 8 174
1 10 9 29
1 11 0 8
1 11 1 99
1 11 10 262
1 11 11 60
1 11 2 2
1 11 3 38
1 11 4 4
1 11 5 2
1 11 6 8
1 11 7 5
1 11 8 27
1 11 9 64
1 2 0 10
1 2 1 140
1 2 10 6
1 2 11 2
1 2 2 59
1 2 3 135
1 2 4 26
1 2 5 17
1 2 6 6
1 2 7 9
1 2 8 2
1 2 9 14
1 3 0 302
1 3 1 1260
1 3 10 202
1 3 11 44
1 3 2 16
1 3 3 751
1 3 4 357
1 3 5 2005
1 3 6 151
1 3 7 51
1 3 8 110
1 3 9 11
1 4 0 7
1 4 1 66
1 4 10 33
1 4 11 2
1 4 2 3
1 4 3 143
1 4 4 56
1 4 5 44
1 4 6 17
1 4 7 19
1 4 8 62
1 4 9 6
1 5 0 390
1 5 1 689
1 5 10 512
1 5 11 16
1 5 2 26
1 5 3 372
1 5 4 20
1 5 5 782
1 5 6 187
1 5 7 187
1 5 8 190
1 5 9 20
1 6 0 13
1 6 1 20
1 6 10 23
1 6 3 111
1 6 4 8
1 6 5 104
1 6 6 30
1 6 7 7
1 6 8 18
1 6 9 2
1 7 0 35
1 7 1 61
1 7 10 103
1 7 11 2
1 7 2 9
1 7 3 13
1 7 4 14
1 7 5 81
1 7 6 5
1 7 7 101
1 7 8 117
1 7 9 20
1 8 0 111
1 8 1 99
1 8 10 148
1 8 11 33
1 8 2 7
1 8 3 124
1 8 4 41
1 8 5 152
1 8 6 48
1 8 7 75
1 8 8 295
1 8 9 14
1 9 0 22
1 9 1 12
1 9 10 34
1 9 2 2
1 9 3 3
1 9 4 2
1 9 5 7
1 9 6 11
1 9 7 9
1 9 8 30
1 9 9 26
10 0 0 1713
10 0 1 2877
10 0 10 1582
10 0 11 36
10 0 2 1255
10 0 3 447
10 0 4 44
10 0 5 577
10 0 6 66
10 0 7 334
10 0 8 618
10 0 9 158
10 1 0 908
10 1 1 563
10 1 10 1171
10 1 11 42
10 1 2 21
10 1 3 332
10 1 4 47
10 1 5 828
10 1 6 25
10 1 7 141
10 1 8 158
10 1 9 10
10 10 0 1493
10 10 1 720
10 10 10 10038
10 10 11 424
10 10 2 223
10 10 3 388
10 10 4 65
10 10 5 1550
10 10 6 330
10 10 7 330
10 10 8 1030
10 10 9 716
10 11 0 113
10 11 1 181
10 11 10 1009
10 11 11 179
10 11 2 10
10 11 3 84
10 11 4 5
10 11 5 28
10 11 6 16
10 11 7 25
10 11 8 148
10 11 9 10
10 2 0 194
10 2 1 16
10 2 10 251
10 2 11 14
10 2 2 295
10 2 3 247
10 2 4 50
10 2 5 290
10 2 6 3
10 2 7 189
10 2 8 23
10 2 9 151
10 3 0 161
10 3 1 183
10 3 10 738
10 3 11 45
10 3 2 135
10 3 3 356
10 3 4 35
10 3 5 185
10 3 6 145
10 3 7 139
10 3 8 77
10 3 9 7
10 4 0 17
10 4 1 41
10 4 10 37
10 4 11 4
10 4 2 5
10 4 3 47
10 4 4 52
10 4 5 62
10 4 6 6
10 4 7 28
10 4 8 6
10 4 9 10
10 5 0 672
10 5 1 782
10 5 10 1326
10 5 11 22
10 5 2 157
10 5 3 335
10 5 4 46
10 5 5 1675
10 5 6 274
10 5 7 369
10 5 8 306
10 5 9 79
10 6 0 29
10 6 1 47
10 6 10 339
10 6 11 18
10 6 2 1
10 6 3 356
10 6 4 4
10 6 5 338
10 6 6 175
10 6 7 11
10 6 8 85
10 6 9 14
10 7 0 138
10 7 1 149
10 7 10 588
10 7 11 15
10 7 2 293
10 7 3 242
10 7 4 100
10 7 5 321
10 7 6 15
10 7 7 364
10 7 8 536
10 7 9 306
10 8 0 747
10 8 1 137
10 8 10 2094
10 8 11 91
10 8 2 19
10 8 3 169
10 8 4 32
10 8 5 405
10 8 6 839
10 8 7 1599
10 8 8 868
10 8 9 45
10 9 0 349
10 9 1 26
10 9 10 784
10 9 11 44
10 9 2 268
10 9 3 48
10 9 4 70
10 9 5 217
10 9 6 42
10 9 7 576
10 9 8 255
10 9 9 675
11 0 0 120
11 0 1 92
11 0 10 29
11 0 11 78
11 0 2 163
11 0 3 27
11 0 4 23
11 0 5 11
11 0 6 11
11 0 7 23
11 0 8 7
11 0 9 42
11 1 0 37
11 1 1 55
11 1 10 9
11 1 11 106
11 1 2 21
11 1 3 170
11 1 4 19
11 1 5 8
11 1 6 6
11 1 7 2
11 1 8 23
11 1 9 9
11 10 0 147
11 10 1 141
11 10 10 555
11 10 11 411
11 10 2 71
11 10 3 213
11 10 4 12
11 10 5 118
11 10 6 84
11 10 7 152
11 10 8 442
11 10 9 143
11 11 0 102
11 11 1 40
11 11 10 324
11 11 11 714
11 11 2 31
11 11 3 36
11 11 4 9
11 11 5 25
11 11 6 17
11 11 7 16
11 11 8 54
11 11 9 36
11 2 0 27
11 2 1 3
11 2 11 16
11 2 2 27
11 2 3 22
11 2 4 21
11 2 5 62
11 2 6 4
11 2 7 8
11 2 8 14
11 2 9 10
11 3 0 12
11 3 1 59
11 3 10 93
11 3 11 39
11 3 2 10
11 3 3 83
11 3 4 12
11 3 5 26
11 3 6 24
11 3 7 13
11 3 8 27
11 3 9 5
11 4 0 8
11 4 1 1
11 4 10 1
11 4 11 6
11 4 2 1
11 4 3 11
11 4 4 6
11 4 5 7
11 4 6 4
11 4 7 4
11 4 8 4
11 4 9 1
11 5 0 10
11 5 1 6
11 5 10 21
11 5 11 34
11 5 2 17
11 5 3 16
11 5 4 18
11 5 5 30
11 5 6 20
11 5 7 13
11 5 8 26
11 6 0 3
11 6 1 15
11 6 10 5
11 6 11 1
11 6 3 14
11 6 4 2
11 6 5 9
11 6 6 14
11 6 7 3
11 6 8 10
11 6 9 2
11 7 0 9
11 7 1 5
11 7 10 18
11 7 11 19
11 7 2 3
11 7 3 10
11 7 4 13
11 7 5 8
11 7 6 3
11 7 7 13
11 7 8 21
11 7 9 2
11 8 0 8
11 8 1 10
11 8 10 168
11 8 11 68
11 8 2 6
11 8 3 86
11 8 4 7
11 8 5 70
11 8 6 15
11 8 7 17
11 8 8 69
11 8 9 5
11 9 0 13
11 9 1 2
11 9 10 25
11 9 11 46
11 9 2 2
11 9 3 1
11 9 4 16
11 9 5 4
11 9 6 1
11 9 7 35
11 9 8 72
11 9 9 50
2 0 0 425
2 0 1 40
2 0 10 613
2 0 11 135
2 0 2 694
2 0 3 253
2 0 4 78
2 0 5 102
2 0 6 12
2 0 7 206
2 0 8 62
2 0 9 76
2 1 0 275
2 1 1 114
2 1 10 28
2 1 11 12
2 1 2 77
2 1 3 16
2 1 4 8
2 1 5 31
2 1 6 8
2 1 7 5
2 1 8 15
2 1 9 3
2 10 0 232
2 10 1 9
2 10 10 210
2 10 11 13
2 10 2 293
2 10 3 64
2 10 4 11
2 10 5 139
2 10 6 19
2 10 7 312
2 10 8 25
2 10 9 168
2 11 0 41
2 11 1 11
2 11 10 36
2 11 11 37
2 11 2 19
2 11 3 2
2 11 4 1
2 11 5 22
2 11 6 2
2 11 7 4
2 11 8 19
2 11 9 6
2 2 0 617
2 2 1 118
2 2 10 314
2 2 11 40
2 2 2 5727
2 2 3 696
2 2 4 286
2 2 5 449
2 2 6 12
2 2 7 206
2 2 8 80
2 2 9 672
2 3 0 330
2 3 1 21
2 3 10 192
2 3 11 20
2 3 2 948
2 3 3 527
2 3 4 125
2 3 5 1082
2 3 6 59
2 3 7 257
2 3 8 82
2 3 9 35
2 4 0 74
2 4 1 4
2 4 10 21
2 4 11 9
2 4 2 309
2 4 3 38
2 4 4 243
2 4 5 725
2 4 6 14
2 4 7 77
2 4 8 8
2 4 9 39
2 5 0 209
2 5 1 15
2 5 10 92
2 5 11 35
2 5 2 549
2 5 3 112
2 5 4 161
2 5 5 387
2 5 6 55
2 5 7 318
2 5 8 154
2 5 9 323
2 6 0 5
2 6 1 3
2 6 10 1
2 6 11 2
2 6 2 11
2 6 3 13
2 6 4 3
2 6 5 52
2 6 6 18
2 6 7 4
2 6 9 7
2 7 0 76
2 7 1 10
2 7 10 223
2 7 11 7
2 7 2 335
2 7 3 93
2 7 4 21
2 7 5 90
2 7 6 3
2 7 7 275
2 7 8 43
2 7 9 74
2 8 0 18
2 8 1 4
2 8 10 11
2 8 11 8
2 8 2 22
2 8 3 29
2 8 4 4
2 8 5 49
2 8 6 6
2 8 7 122
2 8 8 53
2 8 9 2
2 9 0 88
2 9 1 2
2 9 10 207
2 9 11 24
2 9 2 617
2 9 3 30
2 9 4 103
2 9 5 235
2 9 6 4
2 9 7 121
2 9 8 8
2 9 9 591
3 0 0 517
3 0 1 507
3 0 10 290
3 0 11 11
3 0 2 248
3 0 3 756
3 0 4 26
3 0 5 269
3 0 6 126
3 0 7 579
3 0 8 301
3 0 9 96
3 1 0 2098
3 1 1 552
3 1 10 204
3 1 11 226
3 1 2 29
3 1 3 1134
3 1 4 103
3 1 5 458
3 1 6 39
3 1 7 23
3 1 8 112
3 1 9 17
3 10 0 361
3 10 1 248
3 10 10 843
3 10 11 97
3 10 2 72
3 10 3 507
3 10 4 16
3 10 5 393
3 10 6 246
3 10 7 210
3 10 8 241
3 10 9 54
3 11 0 5
3 11 1 17
3 11 10 144
3 11 11 56
3 11 2 3
3 11 3 109
3 11 4 3
3 11 5 8
3 11 6 2
3 11 7 7
3 11 8 83
3 11 9 1
3 2 0 691
3 2 1 179
3 2 10 225
3 2 11 26
3 2 2 629
3 2 3 670
3 2 4 30
3 2 5 421
3 2 6 30
3 2 7 161
3 2 8 49
3 2 9 56
3 3 0 373
3 3 1 601
3 3 10 653
3 3 11 65
3 3 2 570
3 3 3 5000
3 3 4 297
3 3 5 1138
3 3 6 262
3 3 7 211
3 3 8 192
3 3 9 36
3 4 0 19
3 4 1 132
3 4 10 35
3 4 11 13
3 4 2 5
3 4 3 589
3 4 4 219
3 4 5 132
3 4 6 96
3 4 7 59
3 4 8 70
3 4 9 5
3 5 0 359
3 5 1 451
3 5 10 405
3 5 11 30
3 5 2 162
3 5 3 1552
3 5 4 33
3 5 5 1475
3 5 6 1344
3 5 7 1958
3 5 8 338
3 5 9 25
3 6 0 115
3 6 1 56
3 6 10 332
3 6 11 8
3 6 2 8
3 6 3 406
3 6 4 11
3 6 5 558
3 6 6 223
3 6 7 19
3 6 8 107
3 6 9 52
3 7 0 305
3 7 1 44
3 7 10 311
3 7 11 9
3 7 2 89
3 7 3 353
3 7 4 27
3 7 5 461
3 7 6 20
3 7 7 361
3 7 8 362
3 7 9 75
3 8 0 144
3 8 1 31
3 8 10 136
3 8 11 40
3 8 2 8
3 8 3 255
3 8 4 31
3 8 5 98
3 8 6 69
3 8 7 231
3 8 8 238
3 8 9 27
3 9 0 44
3 9 1 2
3 9 10 43
3 9 11 1
3 9 2 6
3 9 3 42
3 9 4 5
3 9 5 21
3 9 6 25
3 9 7 7
3 9 8 36
3 9 9 33
4 0 0 88
4 0 1 30
4 0 10 34
4 0 11 30
4 0 2 66
4 0 3 22
4 0 4 110
4 0 5 39
4 0 6 6
4 0 7 58
4 0 8 39
4 0 9 79
4 1 0 36
4 1 1 38
4 1 10 61
4 1 11 7
4 1 2 3
4 1 3 115
4 1 4 76
4 1 5 13
4 1 6 1
4 1 7 10
4 1 8 73
4 1 9 2
4 10 0 35
4 10 1 36
4 10 10 38
4 10 11 4
4 10 2 8
4 10 3 7
4 10 4 29
4 10 5 23
4 10 6 4
4 10 7 58
4 10 8 19
4 10 9 49
4 11 0 21
4 11 1 4
4 11 10 7
4 11 11 34
4 11 2 10
4 11 3 5
4 11 4 4
4 11 5 5
4 11 6 13
4 11 7 7
4 11 8 5
4 11 9 5
4 2 0 141
4 2 1 22
4 2 10 25
4 2 11 10
4 2 2 255
4 2 3 19
4 2 4 259
4 2 5 171
4 2 6 6
4 2 7 25
4 2 8 5
4 2 9 102
4 3 0 170
4 3 1 343
4 3 10 64
4 3 11 45
4 3 2 167
4 3 3 308
4 3 4 300
4 3 5 100
4 3 6 43
4 3 7 117
4 3 8 179
4 3 9 17
4 4 0 99
4 4 1 40
4 4 10 39
4 4 11 39
4 4 2 193
4 4 3 261
4 4 4 1436
4 4 5 486
4 4 6 66
4 4 7 104
4 4 8 28
4 4 9 29
4 5 0 113
4 5 1 32
4 5 10 48
4 5 11 8
4 5 2 156
4 5 3 29
4 5 4 361
4 5 5 499
4 5 6 119
4 5 7 910
4 5 8 21
4 5 9 96
4 6 0 5
4 6 1 12
4 6 10 5
4 6 11 7
4 6 2 2
4 6 3 10
4 6 4 56
4 6 5 19
4 6 6 46
4 6 7 37
4 6 8 81
4 6 9 9
4 7 0 39
4 7 1 14
4 7 10 101
4 7 11 29
4 7 2 74
4 7 3 13
4 7 4 77
4 7 5 140
4 7 6 13
4 7 7 158
4 7 8 52
4 7 9 116
4 8 0 22
4 8 1 22
4 8 10 19
4 8 11 12
4 8 2 5
4 8 3 33
4 8 4 36
4 8 5 12
4 8 6 49
4 8 7 26
4 8 8 64
4 8 9 15
4 9 0 56
4 9 1 2
4 9 10 29
4 9 11 4
4 9 2 13
4 9 3 3
4 9 4 118
4 9 5 25
4 9 6 1
4 9 7 41
4 9 8 18
4 9 9 107
5 0 0 2210
5 0 1 574
5 0 10 700
5 0 11 41
5 0 2 231
5 0 3 322
5 0 4 64
5 0 5 2044
5 0 6 69
5 0 7 432
5 0 8 1147
5 0 9 153
5 1 0 661
5 1 1 544
5 1 10 921
5 1 11 19
5 1 2 12
5 1 3 429
5 1 4 12
5 1 5 900
5 1 6 103
5 1 7 39
5 1 8 107
5 1 9 16
5 10 0 339
5 10 1 586
5 10 10 1073
5 10 11 35
5 10 2 113
5 10 3 150
5 10 4 18
5 10 5 1376
5 10 6 155
5 10 7 161
5 10 8 293
5 10 9 128
5 11 0 34
5 11 1 5
5 11 10 68
5 11 11 47
5 11 2 18
5 11 3 16
5 11 4 1
5 11 5 58
5 11 6 2
5 11 7 6
5 11 8 55
5 11 9 2
5 2 0 164
5 2 1 14
5 2 10 152
5 2 11 50
5 2 2 407
5 2 3 282
5 2 4 193
5 2 5 445
5 2 6 11
5 2 7 117
5 2 8 88
5 2 9 197
5 3 0 384
5 3 1 1809
5 3 10 311
5 3 11 32
5 3 2 718
5 3 3 889
5 3 4 40
5 3 5 1775
5 3 6 355
5 3 7 420
5 3 8 153
5 3 9 16
5 4 0 83
5 4 1 22
5 4 10 40
5 4 11 18
5 4 2 270
5 4 3 303
5 4 4 355
5 4 5 531
5 4 6 14
5 4 7 233
5 4 8 26
5 4 9 129
5 5 0 2326
5 5 1 770
5 5 10 904
5 5 11 45
5 5 2 350
5 5 3 1365
5 5 4 528
5 5 5 16201
5 5 6 961
5 5 7 1494
5 5 8 889
5 5 9 299
5 6 0 66
5 6 1 93
5 6 10 269
5 6 11 8
5 6 2 19
5 6 3 311
5 6 4 6
5 6 5 1759
5 6 6 563
5 6 7 193
5 6 8 805
5 6 9 28
5 7 0 269
5 7 1 108
5 7 10 437
5 7 11 19
5 7 2 195
5 7 3 409
5 7 4 88
5 7 5 1473
5 7 6 40
5 7 7 1241
5 7 8 2629
5 7 9 1150
5 8 0 1104
5 8 1 92
5 8 10 508
5 8 11 92
5 8 2 40
5 8 3 238
5 8 4 19
5 8 5 1156
5 8 6 92
5 8 7 684
5 8 8 654
5 8 9 40
5 9 0 228
5 9 1 12
5 9 10 267
5 9 11 13
5 9 2 139
5 9 3 14
5 9 4 70
5 9 5 227
5 9 6 7
5 9 7 169
5 9 8 41
5 9 9 329
6 0 0 44
6 0 1 70
6 0 10 48
6 0 11 4
6 0 2 10
6 0 3 95
6 0 4 2
6 0 5 38
6 0 6 60
6 0 7 1
6 0 8 7
6 0 9 20
6 1 0 40
6 1 1 89
6 1 10 67
6 1 11 10
6 1 2 5
6 1 3 51
6 1 4 8
6 1 5 77
6 1 6 26
6 1 7 4
6 1 8 35
6 10 0 83
6 10 1 62
6 10 10 344
6 10 11 47
6 10 2 6
6 10 3 117
6 10 4 9
6 10 5 237
6 10 6 205
6 10 7 28
6 10 8 79
6 10 9 15
6 11 0 4
6 11 1 8
6 11 10 27
6 11 11 6
6 11 2 1
6 11 3 4
6 11 4 5
6 11 6 5
6 11 8 18
6 2 0 4
6 2 1 6
6 2 10 9
6 2 11 3
6 2 2 15
6 2 3 8
6 2 4 4
6 2 5 8
6 2 6 10
6 2 7 3
6 2 8 1
6 2 9 3
6 3 0 214
6 3 1 76
6 3 10 257
6 3 11 20
6 3 2 14
6 3 3 213
6 3 4 28
6 3 5 427
6 3 6 396
6 3 7 4
6 3 8 24
6 3 9 30
6 4 0 6
6 4 1 20
6 4 10 3
6 4 11 1
6 4 2 15
6 4 3 204
6 4 4 32
6 4 5 4
6 4 6 33
6 4 7 7
6 4 8 28
6 4 9 1
6 5 0 276
6 5 1 384
6 5 10 437
6 5 11 26
6 5 2 110
6 5 3 1205
6 5 4 207
6 5 5 1110
6 5 6 757
6 5 7 153
6 5 8 263
6 5 9 92
6 6 0 42
6 6 1 76
6 6 10 140
6 6 11 8
6 6 2 22
6 6 3 160
6 6 4 34
6 6 5 719
6 6 6 1406
6 6 7 67
6 6 8 172
6 6 9 27
6 7 0 13
6 7 1 8
6 7 10 41
6 7 11 1
6 7 2 9
6 7 3 12
6 7 4 8
6 7 5 33
6 7 6 28
6 7 7 95
6 7 8 126
6 7 9 30
6 8 0 23
6 8 1 38
6 8 10 689
6 8 11 41
6 8 2 1
6 8 3 53
6 8 4 15
6 8 5 109
6 8 6 291
6 8 7 15
6 8 8 180
6 8 9 127
6 9 0 44
6 9 1 9
6 9 10 34
6 9 11 5
6 9 2 8
6 9 3 13
6 9 4 5
6 9 5 8
6 9 6 31
6 9 7 13
6 9 8 33
6 9 9 18
7 0 0 609
7 0 1 152
7 0 10 271
7 0 11 25
7 0 2 142
7 0 3 371
7 0 4 78
7 0 5 161
7 0 6 10
7 0 7 683
7 0 8 216
7 0 9 38
7 1 0 197
7 1 1 76
7 1 10 158
7 1 11 3
7 1 2 5
7 1 3 24
7 1 4 10
7 1 5 51
7 1 6 5
7 1 7 96
7 1 8 41
7 1 9 7
7 10 0 684
7 10 1 312
7 10 10 514
7 10 11 57
7 10 2 400
7 10 3 135
7 10 4 46
7 10 5 356
7 10 6 22
7 10 7 667
7 10 8 373
7 10 9 259
7 11 0 36
7 11 1 7
7 11 10 60
7 11 11 35
7 11 2 6
7 11 3 8
7 11 4 3
7 11 5 8
7 11 6 2
7 11 7 25
7 11 8 10
7 11 9 5
7 2 0 172
7 2 1 17
7 2 10 260
7 2 11 7
7 2 2 545
7 2 3 154
7 2 4 71
7 2 5 144
7 2 6 9
7 2 7 351
7 2 8 28
7 2 9 149
7 3 0 533
7 3 1 63
7 3 10 209
7 3 11 14
7 3 2 232
7 3 3 316
7 3 4 28
7 3 5 437
7 3 6 20
7 3 7 439
7 3 8 63
7 3 9 21
7 4 0 88
7 4 1 27
7 4 10 46
7 4 11 10
7 4 2 41
7 4 3 47
7 4 4 64
7 4 5 138
7 4 6 9
7 4 7 109
7 4 8 17
7 4 9 10
7 5 0 483
7 5 1 136
7 5 10 178
7 5 11 11
7 5 2 135
7 5 3 1241
7 5 4 459
7 5 5 1186
7 5 6 44
7 5 7 1509
7 5 8 597
7 5 9 218
7 6 0 15
7 6 1 2
7 6 10 10
7 6 11 2
7 6 2 3
7 6 3 23
7 6 4 28
7 6 5 319
7 6 6 76
7 6 7 36
7 6 8 9
7 6 9 12
7 7 0 414
7 7 1 84
7 7 10 574
7 7 11 31
7 7 2 488
7 7 3 310
7 7 4 117
7 7 5 1069
7 7 6 125
7 7 7 6157
7 7 8 1235
7 7 9 572
7 8 0 519
7 8 1 83
7 8 10 2266
7 8 11 63
7 8 2 54
7 8 3 270
7 8 4 33
7 8 5 652
7 8 6 27
7 8 7 1886
7 8 8 1059
7 8 9 172
7 9 0 182
7 9 1 29
7 9 10 1342
7 9 11 111
7 9 2 118
7 9 3 22
7 9 4 64
7 9 5 176
7 9 6 8
7 9 7 298
7 9 8 67
7 9 9 541
8 0 0 812
8 0 1 508
8 0 10 658
8 0 11 21
8 0 2 91
8 0 3 445
8 0 4 19
8 0 5 674
8 0 6 36
8 0 7 375
8 0 8 863
8 0 9 13
8 1 0 187
8 1 1 133
8 1 10 95
8 1 11 26
8 1 2 6
8 1 3 99
8 1 4 32
8 1 5 64
8 1 6 7
8 1 7 19
8 1 8 125
8 1 9 6
8 10 0 2728
8 10 1 278
8 10 10 1042
8 10 11 505
8 10 2 30
8 10 3 174
8 10 4 16
8 10 5 393
8 10 6 115
8 10 7 313
8 10 8 2233
8 10 9 30
8 11 0 13
8 11 1 43
8 11 10 207
8 11 11 79
8 11 2 24
8 11 3 82
8 11 4 5
8 11 5 26
8 11 6 6
8 11 7 17
8 11 8 87
8 11 9 6
8 2 0 24
8 2 1 10
8 2 10 10
8 2 11 11
8 2 2 24
8 2 3 69
8 2 4 5
8 2 5 35
8 2 6 3
8 2 7 14
8 2 8 18
8 2 9 1
8 3 0 276
8 3 1 165
8 3 10 205
8 3 11 88
8 3 2 36
8 3 3 338
8 3 4 66
8 3 5 318
8 3 6 64
8 3 7 130
8 3 8 239
8 3 9 9
8 4 0 13
8 4 1 64
8 4 10 5
8 4 11 7
8 4 2 9
8 4 3 95
8 4 4 37
8 4 5 12
8 4 6 21
8 4 7 11
8 4 8 47
8 5 0 1104
8 5 1 149
8 5 10 214
8 5 11 58
8 5 2 120
8 5 3 241
8 5 4 28
8 5 5 833
8 5 6 208
8 5 7 666
8 5 8 1041
8 5 9 10
8 6 0 16
8 6 1 32
8 6 10 74
8 6 11 21
8 6 2 2
8 6 3 90
8 6 4 184
8 6 5 917
8 6 6 205
8 6 7 12
8 6 8 236
8 6 9 25
8 7 0 473
8 7 1 111
8 7 10 873
8 7 11 47
8 7 2 105
8 7 3 346
8 7 4 68
8 7 5 1630
8 7 6 211
8 7 7 1131
8 7 8 1458
8 7 9 46
8 8 0 589
8 8 1 141
8 8 10 1065
8 8 11 107
8 8 2 21
8 8 3 345
8 8 4 44
8 8 5 619
8 8 6 222
8 8 7 1036
8 8 8 4762
8 8 9 171
8 9 0 13
8 9 1 26
8 9 10 115
8 9 11 34
8 9 2 2
8 9 3 18
8 9 4 3
8 9 5 9
8 9 6 33
8 9 7 15
8 9 8 406
8 9 9 122
9 0 0 297
9 0 1 99
9 0 10 186
9 0 11 19
9 0 2 207
9 0 3 197
9 0 4 117
9 0 5 116
9 0 6 16
9 0 7 102
9 0 8 17
9 0 9 348
9 1 0 57
9 1 1 22
9 1 10 16
9 1 11 22
9 1 2 2
9 1 3 8
9 1 4 3
9 1 5 5
9 1 6 1
9 1 7 4
9 1 8 14
9 1 9 12
9 10 0 1213
9 10 1 59
9 10 10 696
9 10 11 92
9 10 2 234
9 10 3 39
9 10 4 32
9 10 5 161
9 10 6 32
9 10 7 309
9 10 8 24
9 10 9 1046
9 11 0 136
9 11 1 44
9 11 10 34
9 11 11 50
9 11 2 19
9 11 3 2
9 11 4 2
9 11 5 3
9 11 6 1
9 11 7 5
9 11 8 4
9 11 9 71
9 2 0 82
9 2 1 22
9 2 10 54
9 2 11 3
9 2 2 455
9 2 3 39
9 2 4 43
9 2 5 187
9 2 6 3
9 2 7 69
9 2 8 4
9 2 9 550
9 3 0 64
9 3 1 12
9 3 10 24
9 3 2 50
9 3 3 42
9 3 4 8
9 3 5 21
9 3 6 13
9 3 7 12
9 3 8 15
9 3 9 26
9 4 0 85
9 4 1 4
9 4 10 32
9 4 11 8
9 4 2 107
9 4 3 7
9 4 4 158
9 4 5 114
9 4 6 5
9 4 7 55
9 4 8 5
9 4 9 144
9 5 0 156
9 5 1 24
9 5 10 66
9 5 11 2
9 5 2 215
9 5 3 21
9 5 4 57
9 5 5 252
9 5 6 13
9 5 7 200
9 5 8 20
9 5 9 244
9 6 0 26
9 6 1 17
9 6 10 4
9 6 11 2
9 6 2 4
9 6 3 58
9 6 4 11
9 6 5 42
9 6 6 33
9 6 7 7
9 6 8 42
9 6 9 29
9 7 0 56
9 7 1 17
9 7 10 268
9 7 11 11
9 7 2 122
9 7 3 29
9 7 4 33
9 7 5 489
9 7 6 33
9 7 7 353
9 7 8 24
9 7 9 432
9 8 0 82
9 8 1 51
9 8 10 74
9 8 11 25
9 8 2 15
9 8 3 46
9 8 4 33
9 8 5 77
9 8 6 126
9 8 7 281
9 8 8 261
9 8 9 153
9 9 0 272
9 9 1 35
9 9 10 825
9 9 11 63
9 9 2 295
9 9 3 52
9 9 4 200
9 9 5 201
9 9 6 37
9 9 7 485
9 9 8 192
9 9 9 3830
