0 0 0 0.031043541866093417
0 0 1 0.0042476427464326625
0 0 10 0.0034644395157781348
0 0 11 4.021854427685411E-4
0 0 2 0.0017780830101346028
0 0 3 0.00160403784776693
0 0 4 3.433864014281111E-4
0 0 5 0.0031822041173440708
0 0 6 2.4695597362980594E-4
0 0 7 0.0022837547656623007
0 0 8 0.0019544801341558928
0 0 9 4.633364457625883E-4
0 1 0 0.007218170314951185
0 1 1 0.0026835882467772247
0 1 10 0.0017498594702911963
0 1 11 4.468727141872679E-5
0 1 2 4.068893660757755E-4
0 1 3 0.005171963676304222
0 1 4 2.0226870221107916E-4
0 1 5 0.0014064730688630853
0 1 6 1.6934123906043835E-4
0 1 7 3.2927463150640794E-4
0 1 8 4.774482156842915E-4
0 1 9 1.1995004433447717E-4
0 10 0 0.003843105342010504
0 10 1 0.0021097096032946278
0 10 10 0.0030881256511993828
0 10 11 1.5993339244596956E-4
0 10 2 6.279737615157923E-4
0 10 3 5.550629502536591E-4
0 10 4 5.8799041340429985E-5
0 10 5 0.001298282832796694
0 10 6 2.2814028040086834E-4
0 10 7 6.115100299404719E-4
0 10 8 0.0049720469357467595
0 10 9 0.0016910604289507665
0 11 0 2.634197052051263E-4
0 11 1 1.4111769921703197E-5
0 11 10 7.31460074274949E-4
0 11 11 2.516598969370403E-4
0 11 2 1.6698927740682116E-4
0 11 3 3.998334811149239E-5
0 11 4 2.8223539843406394E-5
0 11 5 6.115100299404719E-5
0 11 6 9.407846614468797E-6
0 11 7 1.6463731575320395E-5
0 11 8 4.468727141872679E-5
0 11 9 1.4346966087064916E-4
0 2 0 0.0013429701042154208
0 2 1 1.0583827441277397E-4
0 2 10 4.445207525336507E-4
0 2 11 4.2335309765109587E-5
0 2 2 0.0018227702815533295
0 2 3 0.0031445727308861957
0 2 4 0.001345322065869038
0 2 5 4.421687908800335E-4
0 2 6 5.174315637957839E-5
0 2 7 2.3284420370810275E-4
0 2 8 3.998334811149239E-5
0 2 9 3.198667848919391E-4
0 3 0 0.0021332292198307998
0 3 1 9.43136623100497E-4
0 3 10 8.02018923883465E-4
0 3 11 5.8799041340429985E-5
0 3 2 6.350296464766439E-4
0 3 3 0.001345322065869038
0 3 4 1.8345300898214156E-4
0 3 5 0.0014582162252426637
0 3 6 8.584660035702778E-4
0 3 7 0.0014582162252426637
0 3 8 3.222187465455563E-4
0 3 9 1.1995004433447717E-4
0 4 0 2.4225205032257153E-4
0 4 1 3.527942480425799E-5
0 4 10 4.2335309765109587E-5
0 4 11 9.407846614468797E-6
0 4 2 1.8815693228937597E-4
0 4 3 2.5636382024427475E-4
0 4 4 3.810177878859863E-4
0 4 5 3.222187465455563E-4
0 4 6 9.407846614468797E-6
0 4 7 2.845873600876811E-4
0 4 8 3.527942480425799E-5
0 4 9 1.0113435110553958E-4
0 5 0 0.004506358528330554
0 5 1 7.620355757719726E-4
0 5 10 5.197835254494011E-4
0 5 11 5.8799041340429985E-5
0 5 2 2.9164324504853275E-4
0 5 3 9.596003546758174E-4
0 5 4 2.516598969370403E-4
0 5 5 0.004007742657763708
0 5 6 3.1751482323832194E-4
0 5 7 6.444374930911126E-4
0 5 8 0.0020532625236078152
0 5 9 2.5636382024427475E-4
0 6 0 1.5287750748511797E-4
0 6 1 9.172650449107078E-5
0 6 10 7.526277291575038E-5
0 6 11 2.3519616536171993E-6
0 6 2 4.7039233072343985E-6
0 6 3 3.551462096961971E-4
0 6 4 1.6463731575320395E-5
0 6 5 4.327609442655647E-4
0 6 6 1.9521281725022756E-4
0 6 7 1.8815693228937594E-5
0 6 8 3.763138645787519E-5
0 6 9 3.292746315064079E-5
0 7 0 0.0021755645295959093
0 7 1 1.4111769921703197E-4
0 7 10 6.72661032934519E-4
0 7 11 3.527942480425799E-5
0 7 2 4.280570209583303E-4
0 7 3 0.001284171062874991
0 7 4 9.407846614468798E-5
0 7 5 9.478405464077314E-4
0 7 6 9.172650449107078E-5
0 7 7 0.0021943802228248472
0 7 8 0.0011524612102724277
0 7 9 3.1516286158470475E-4
0 8 0 0.0027564990580393575
0 8 1 2.1167654882554794E-4
0 8 10 0.0015711103846162892
0 8 11 3.763138645787519E-5
0 8 2 6.115100299404719E-5
0 8 3 6.84420841202605E-4
0 8 4 6.115100299404719E-5
0 8 5 0.0029681756068649055
0 8 6 7.526277291575038E-5
0 8 7 0.001215964174920092
0 8 8 0.0014605681868962808
0 8 9 5.8799041340429985E-5
0 9 0 9.454885847541141E-4
0 9 1 2.1167654882554793E-5
0 9 10 5.362472570247215E-4
0 9 11 6.115100299404719E-5
0 9 2 9.643042779830517E-5
0 9 3 9.878238945192238E-5
0 9 4 1.6228535409958675E-4
0 9 5 3.2692266985279075E-4
0 9 6 1.7639712402128997E-4
0 9 7 2.3519616536171994E-4
0 9 8 1.5758143079235237E-4
0 9 9 3.904256345004551E-4
1 0 0 0.0039089602683117855
1 0 1 0.004068893660757755
1 0 10 0.0053859921867833865
1 0 11 4.304089826119475E-4
1 0 2 2.4460401197618875E-4
1 0 3 0.0018063065499780092
1 0 4 2.516598969370403E-4
1 0 5 0.0018839212845473768
1 0 6 2.0226870221107916E-4
1 0 7 6.797169178953706E-4
1 0 8 0.0014911436883933045
1 0 9 3.2927463150640794E-4
1 1 0 0.0029070246038708585
1 1 1 0.007839088191506126
1 1 10 0.0010348631275915678
1 1 11 2.0462066386469635E-4
1 1 2 1.6934123906043835E-4
1 1 3 0.0016063898094205472
1 1 4 1.2935789094894597E-4
1 1 5 8.49058156955809E-4
1 1 6 1.0113435110553958E-4
1 1 7 1.8815693228937597E-4
1 1 8 5.809345284434483E-4
1 1 9 5.8799041340429985E-5
1 10 0 0.00183923401312865
1 10 1 0.0021097096032946278
1 10 10 0.0014887917267396873
1 10 11 1.3406181425618037E-4
1 10 2 1.1759808268085998E-5
1 10 3 4.210011359974787E-4
1 10 4 8.467061953021917E-5
1 10 5 0.0017780830101346028
1 10 6 2.516598969370403E-4
1 10 7 6.162139532477063E-4
1 10 8 4.092413277293927E-4
1 10 9 6.820688795489878E-5
1 11 0 1.8815693228937594E-5
1 11 1 2.3284420370810275E-4
1 11 10 6.162139532477063E-4
1 11 11 1.4111769921703197E-4
1 11 2 4.7039233072343985E-6
1 11 3 8.937454283745358E-5
1 11 4 9.407846614468797E-6
1 11 5 4.7039233072343985E-6
1 11 6 1.8815693228937594E-5
1 11 7 1.1759808268085998E-5
1 11 8 6.350296464766439E-5
1 11 9 1.5052554583150075E-4
1 2 0 2.3519616536171996E-5
1 2 1 3.2927463150640794E-4
1 2 10 1.4111769921703197E-5
1 2 11 4.7039233072343985E-6
1 2 2 1.3876573756341478E-4
1 2 3 3.1751482323832194E-4
1 2 4 6.115100299404719E-5
1 2 5 3.998334811149239E-5
1 2 6 1.4111769921703197E-5
1 2 7 2.1167654882554793E-5
1 2 8 4.7039233072343985E-6
1 2 9 3.292746315064079E-5
1 3 0 7.102924193923942E-4
1 3 1 0.0029634716835576715
1 3 10 4.750962540306743E-4
1 3 11 1.0348631275915678E-4
1 3 2 3.763138645787519E-5
1 3 3 0.0017663232018665168
1 3 4 8.396503103413402E-4
1 3 5 0.004715683115502485
1 3 6 3.551462096961971E-4
1 3 7 1.1995004433447717E-4
1 3 8 2.5871578189789194E-4
1 3 9 2.5871578189789195E-5
1 4 0 1.6463731575320395E-5
1 4 1 1.5522946913873516E-4
1 4 10 7.761473456936758E-5
1 4 11 4.7039233072343985E-6
1 4 2 7.055884960851599E-6
1 4 3 3.363305164672595E-4
1 4 4 1.3170985260256316E-4
1 4 5 1.0348631275915678E-4
1 4 6 3.998334811149239E-5
1 4 7 4.468727141872679E-5
1 4 8 1.4582162252426637E-4
1 4 9 1.4111769921703197E-5
1 5 0 9.172650449107078E-4
1 5 1 0.0016205015793422505
1 5 10 0.001204204366652006
1 5 11 3.763138645787519E-5
1 5 2 6.115100299404719E-5
1 5 3 8.749297351455981E-4
1 5 4 4.703923307234399E-5
1 5 5 0.00183923401312865
1 5 6 4.398168292264163E-4
1 5 7 4.398168292264163E-4
1 5 8 4.468727141872679E-4
1 5 9 4.703923307234399E-5
1 6 0 3.0575501497023594E-5
1 6 1 4.703923307234399E-5
1 6 10 5.4095118033195586E-5
1 6 3 2.6106774355150913E-4
1 6 4 1.8815693228937594E-5
1 6 5 2.4460401197618875E-4
1 6 6 7.055884960851598E-5
1 6 7 1.6463731575320395E-5
1 6 8 4.2335309765109587E-5
1 6 9 4.7039233072343985E-6
1 7 0 8.231865787660198E-5
1 7 1 1.4346966087064916E-4
1 7 10 2.4225205032257153E-4
1 7 11 4.7039233072343985E-6
1 7 2 2.1167654882554793E-5
1 7 3 3.0575501497023594E-5
1 7 4 3.292746315064079E-5
1 7 5 1.9050889394299316E-4
1 7 6 1.1759808268085998E-5
1 7 7 2.3754812701533715E-4
1 7 8 2.751795134732123E-4
1 7 9 4.703923307234399E-5
1 8 0 2.6106774355150913E-4
1 8 1 2.3284420370810275E-4
1 8 10 3.480903247353455E-4
1 8 11 7.761473456936758E-5
1 8 2 1.6463731575320395E-5
1 8 3 2.9164324504853275E-4
1 8 4 9.643042779830517E-5
1 8 5 3.574981713498143E-4
1 8 6 1.1289415937362558E-4
1 8 7 1.7639712402128997E-4
1 8 8 6.938286878170739E-4
1 8 9 3.292746315064079E-5
1 9 0 5.174315637957839E-5
1 9 1 2.8223539843406394E-5
1 9 10 7.996669622298478E-5
1 9 2 4.7039233072343985E-6
1 9 3 7.055884960851599E-6
1 9 4 4.7039233072343985E-6
1 9 5 1.6463731575320395E-5
1 9 6 2.5871578189789195E-5
1 9 7 2.1167654882554793E-5
1 9 8 7.055884960851598E-5
1 9 9 6.115100299404719E-5
10 0 0 0.004028910312646262
10 0 1 0.006766593677456682
10 0 10 0.0037208033360224095
10 0 11 8.467061953021917E-5
10 0 2 0.0029517118752895853
10 0 3 0.0010513268591668882
10 0 4 1.0348631275915678E-4
10 0 5 0.001357081874137124
10 0 6 1.5522946913873516E-4
10 0 7 7.855551923081446E-4
10 0 8 0.0014535123019354293
10 0 9 3.716099412715175E-4
10 1 0 0.002135581181484417
10 1 1 0.0013241544109864833
10 1 10 0.0027541470963857407
10 1 11 9.878238945192238E-5
10 1 2 4.939119472596119E-5
10 1 3 7.808512690009102E-4
10 1 4 1.1054219772000837E-4
10 1 5 0.001947424249195041
10 1 6 5.8799041340429985E-5
10 1 7 3.316265931600251E-4
10 1 8 3.716099412715175E-4
10 1 9 2.3519616536171996E-5
10 10 0 0.0035114787488504788
10 10 1 0.0016934123906043835
10 10 10 0.023608991079009448
10 10 11 9.972317411336925E-4
10 10 2 5.244874487566355E-4
10 10 3 9.125611216034734E-4
10 10 4 1.5287750748511797E-4
10 10 5 0.003645540563106659
10 10 6 7.761473456936758E-4
10 10 7 7.761473456936758E-4
10 10 8 0.0024225205032257155
10 10 9 0.0016840045439899148
10 11 0 2.6577166685874356E-4
10 11 1 4.257050593047131E-4
10 11 10 0.0023731293084997543
10 11 11 4.210011359974787E-4
10 11 2 2.3519616536171996E-5
10 11 3 1.9756477890384475E-4
10 11 4 1.1759808268085998E-5
10 11 5 6.585492630128158E-5
10 11 6 3.763138645787519E-5
10 11 7 5.8799041340429985E-5
10 11 8 3.480903247353455E-4
10 11 9 2.3519616536171996E-5
10 2 0 4.562805608017367E-4
10 2 1 3.763138645787519E-5
10 2 10 5.90342375057917E-4
10 2 11 3.292746315064079E-5
10 2 2 6.938286878170739E-4
10 2 3 5.809345284434483E-4
10 2 4 1.1759808268085997E-4
10 2 5 6.820688795489879E-4
10 2 6 7.055884960851599E-6
10 2 7 4.445207525336507E-4
10 2 8 5.4095118033195586E-5
10 2 9 3.551462096961971E-4
10 3 0 3.786658262323691E-4
10 3 1 4.304089826119475E-4
10 3 10 0.0017357477003694932
10 3 11 1.0583827441277397E-4
10 3 2 3.1751482323832194E-4
10 3 3 8.37298348687723E-4
10 3 4 8.231865787660198E-5
10 3 5 4.351129059191819E-4
10 3 6 3.4103443977449394E-4
10 3 7 3.2692266985279075E-4
10 3 8 1.8110104732852435E-4
10 3 9 1.6463731575320395E-5
10 4 0 3.998334811149239E-5
10 4 1 9.643042779830517E-5
10 4 10 8.702258118383638E-5
10 4 11 9.407846614468797E-6
10 4 2 1.1759808268085998E-5
10 4 3 1.1054219772000837E-4
10 4 4 1.2230200598809437E-4
10 4 5 1.4582162252426637E-4
10 4 6 1.4111769921703197E-5
10 4 7 6.585492630128158E-5
10 4 8 1.4111769921703197E-5
10 4 9 2.3519616536171996E-5
10 5 0 0.001580518231230758
10 5 1 0.00183923401312865
10 5 10 0.0031187011526964065
10 5 11 5.174315637957839E-5
10 5 2 3.692579796179003E-4
10 5 3 7.879071539617618E-4
10 5 4 1.0819023606639117E-4
10 5 5 0.003939535769808809
10 5 6 6.444374930911126E-4
10 5 7 8.678738501847466E-4
10 5 8 7.19700266006863E-4
10 5 9 1.8580497063575875E-4
10 6 0 6.820688795489878E-5
10 6 1 1.1054219772000837E-4
10 6 10 7.973150005762306E-4
10 6 11 4.2335309765109587E-5
10 6 2 2.3519616536171993E-6
10 6 3 8.37298348687723E-4
10 6 4 9.407846614468797E-6
10 6 5 7.949630389226134E-4
10 6 6 4.115932893830099E-4
10 6 7 2.5871578189789195E-5
10 6 8 1.9991674055746194E-4
10 6 9 3.292746315064079E-5
10 7 0 3.245707081991735E-4
10 7 1 3.504422863889627E-4
10 7 10 0.0013829534523269133
10 7 11 3.527942480425799E-5
10 7 2 6.891247645098394E-4
10 7 3 5.691747201753623E-4
10 7 4 2.3519616536171994E-4
10 7 5 7.54979690811121E-4
10 7 6 3.527942480425799E-5
10 7 7 8.561140419166606E-4
10 7 8 0.001260651446338819
10 7 9 7.19700266006863E-4
10 8 0 0.001756915355252048
10 8 1 3.222187465455563E-4
10 8 10 0.0049250077026744155
10 8 11 2.1402851047916516E-4
10 8 2 4.468727141872679E-5
10 8 3 3.974815194613067E-4
10 8 4 7.526277291575038E-5
10 8 5 9.525444697149658E-4
10 8 6 0.0019732958273848303
10 8 7 0.0037607866841339018
10 8 8 0.002041502715339729
10 8 9 1.0583827441277397E-4
10 9 0 8.208346171124026E-4
10 9 1 6.115100299404719E-5
10 9 10 0.0018439379364358843
10 9 11 1.0348631275915678E-4
10 9 2 6.303257231694095E-4
10 9 3 1.1289415937362558E-4
10 9 4 1.6463731575320397E-4
10 9 5 5.103756788349323E-4
10 9 6 9.878238945192238E-5
10 9 7 0.0013547299124835068
10 9 8 5.997502216723859E-4
10 9 9 0.0015875741161916095
11 0 0 2.8223539843406394E-4
11 0 1 2.1638047213278234E-4
11 0 10 6.820688795489878E-5
11 0 11 1.8345300898214156E-4
11 0 2 3.833697495396035E-4
11 0 3 6.350296464766439E-5
11 0 4 5.4095118033195586E-5
11 0 5 2.5871578189789195E-5
11 0 6 2.5871578189789195E-5
11 0 7 5.4095118033195586E-5
11 0 8 1.6463731575320395E-5
11 0 9 9.878238945192238E-5
11 1 0 8.702258118383638E-5
11 1 1 1.2935789094894597E-4
11 1 10 2.1167654882554793E-5
11 1 11 2.4930793528342313E-4
11 1 2 4.939119472596119E-5
11 1 3 3.998334811149239E-4
11 1 4 4.468727141872679E-5
11 1 5 1.8815693228937594E-5
11 1 6 1.4111769921703197E-5
11 1 7 4.7039233072343985E-6
11 1 8 5.4095118033195586E-5
11 1 9 2.1167654882554793E-5
11 10 0 3.457383630817283E-4
11 10 1 3.316265931600251E-4
11 10 10 0.0013053387177575457
11 10 11 9.66656239636669E-4
11 10 2 1.6698927740682116E-4
11 10 3 5.009678322204635E-4
11 10 4 2.8223539843406394E-5
11 10 5 2.7753147512682956E-4
11 10 6 1.9756477890384475E-4
11 10 7 3.574981713498143E-4
11 10 8 0.0010395670508988022
11 10 9 3.363305164672595E-4
11 11 0 2.3990008866895434E-4
11 11 1 9.407846614468798E-5
11 11 10 7.620355757719726E-4
11 11 11 0.0016793006206826805
11 11 2 7.291081126213319E-5
11 11 3 8.467061953021917E-5
11 11 4 2.1167654882554793E-5
11 11 5 5.8799041340429985E-5
11 11 6 3.998334811149239E-5
11 11 7 3.763138645787519E-5
11 11 8 1.2700592929532878E-4
11 11 9 8.467061953021917E-5
11 2 0 6.350296464766439E-5
11 2 1 7.055884960851599E-6
11 2 11 3.763138645787519E-5
11 2 2 6.350296464766439E-5
11 2 3 5.174315637957839E-5
11 2 4 4.939119472596119E-5
11 2 5 1.4582162252426637E-4
11 2 6 9.407846614468797E-6
11 2 7 1.8815693228937594E-5
11 2 8 3.292746315064079E-5
11 2 9 2.3519616536171996E-5
11 3 0 2.8223539843406394E-5
11 3 1 1.3876573756341478E-4
11 3 10 2.1873243378639953E-4
11 3 11 9.172650449107078E-5
11 3 2 2.3519616536171996E-5
11 3 3 1.9521281725022756E-4
11 3 4 2.8223539843406394E-5
11 3 5 6.115100299404719E-5
11 3 6 5.644707968681279E-5
11 3 7 3.0575501497023594E-5
11 3 8 6.350296464766439E-5
11 3 9 1.1759808268085998E-5
11 4 0 1.8815693228937594E-5
11 4 1 2.3519616536171993E-6
11 4 10 2.3519616536171993E-6
11 4 11 1.4111769921703197E-5
11 4 2 2.3519616536171993E-6
11 4 3 2.5871578189789195E-5
11 4 4 1.4111769921703197E-5
11 4 5 1.6463731575320395E-5
11 4 6 9.407846614468797E-6
11 4 7 9.407846614468797E-6
11 4 8 9.407846614468797E-6
11 4 9 2.3519616536171993E-6
11 5 0 2.3519616536171996E-5
11 5 1 1.4111769921703197E-5
11 5 10 4.939119472596119E-5
11 5 11 7.996669622298478E-5
11 5 2 3.998334811149239E-5
11 5 3 3.763138645787519E-5
11 5 4 4.2335309765109587E-5
11 5 5 7.055884960851598E-5
11 5 6 4.703923307234399E-5
11 5 7 3.0575501497023594E-5
11 5 8 6.115100299404719E-5
11 6 0 7.055884960851599E-6
11 6 1 3.527942480425799E-5
11 6 10 1.1759808268085998E-5
11 6 11 2.3519616536171993E-6
11 6 3 3.292746315064079E-5
11 6 4 4.7039233072343985E-6
11 6 5 2.1167654882554793E-5
11 6 6 3.292746315064079E-5
11 6 7 7.055884960851599E-6
11 6 8 2.3519616536171996E-5
11 6 9 4.7039233072343985E-6
11 7 0 2.1167654882554793E-5
11 7 1 1.1759808268085998E-5
11 7 10 4.2335309765109587E-5
11 7 11 4.468727141872679E-5
11 7 2 7.055884960851599E-6
11 7 3 2.3519616536171996E-5
11 7 4 3.0575501497023594E-5
11 7 5 1.8815693228937594E-5
11 7 6 7.055884960851599E-6
11 7 7 3.0575501497023594E-5
11 7 8 4.939119472596119E-5
11 7 9 4.7039233072343985E-6
11 8 0 1.8815693228937594E-5
11 8 1 2.3519616536171996E-5
11 8 10 3.951295578076895E-4
11 8 11 1.5993339244596956E-4
11 8 2 1.4111769921703197E-5
11 8 3 2.0226870221107916E-4
11 8 4 1.6463731575320395E-5
11 8 5 1.6463731575320397E-4
11 8 6 3.527942480425799E-5
11 8 7 3.998334811149239E-5
11 8 8 1.6228535409958675E-4
11 8 9 1.1759808268085998E-5
11 9 0 3.0575501497023594E-5
11 9 1 4.7039233072343985E-6
11 9 10 5.8799041340429985E-5
11 9 11 1.0819023606639117E-4
11 9 2 4.7039233072343985E-6
11 9 3 2.3519616536171993E-6
11 9 4 3.763138645787519E-5
11 9 5 9.407846614468797E-6
11 9 6 2.3519616536171993E-6
11 9 7 8.231865787660198E-5
11 9 8 1.6934123906043835E-4
11 9 9 1.1759808268085997E-4
2 0 0 9.995837027873098E-4
2 0 1 9.407846614468798E-5
2 0 10 0.0014417524936673433
2 0 11 3.1751482323832194E-4
2 0 2 0.0016322613876103365
2 0 3 5.950462983651515E-4
2 0 4 1.8345300898214156E-4
2 0 5 2.3990008866895434E-4
2 0 6 2.8223539843406394E-5
2 0 7 4.8450410064514307E-4
2 0 8 1.4582162252426637E-4
2 0 9 1.7874908567490716E-4
2 1 0 6.467894547447299E-4
2 1 1 2.6812362851236075E-4
2 1 10 6.585492630128158E-5
2 1 11 2.8223539843406394E-5
2 1 2 1.8110104732852435E-4
2 1 3 3.763138645787519E-5
2 1 4 1.8815693228937594E-5
2 1 5 7.291081126213319E-5
2 1 6 1.8815693228937594E-5
2 1 7 1.1759808268085998E-5
2 1 8 3.527942480425799E-5
2 1 9 7.055884960851599E-6
2 10 0 5.456551036391903E-4
2 10 1 2.1167654882554793E-5
2 10 10 4.939119472596119E-4
2 10 11 3.0575501497023594E-5
2 10 2 6.891247645098394E-4
2 10 3 1.5052554583150075E-4
2 10 4 2.5871578189789195E-5
2 10 5 3.2692266985279075E-4
2 10 6 4.468727141872679E-5
2 10 7 7.338120359285662E-4
2 10 8 5.8799041340429985E-5
2 10 9 3.951295578076895E-4
2 11 0 9.643042779830517E-5
2 11 1 2.5871578189789195E-5
2 11 10 8.467061953021917E-5
2 11 11 8.702258118383638E-5
2 11 2 4.468727141872679E-5
2 11 3 4.7039233072343985E-6
2 11 4 2.3519616536171993E-6
2 11 5 5.174315637957839E-5
2 11 6 4.7039233072343985E-6
2 11 7 9.407846614468797E-6
2 11 8 4.468727141872679E-5
2 11 9 1.4111769921703197E-5
2 2 0 0.001451160340281812
2 2 1 2.7753147512682956E-4
2 2 10 7.385159592358006E-4
2 2 11 9.407846614468798E-5
2 2 2 0.0134696843902657
2 2 3 0.0016369653109175708
2 2 4 6.72661032934519E-4
2 2 5 0.0010560307824741225
2 2 6 2.8223539843406394E-5
2 2 7 4.8450410064514307E-4
2 2 8 1.8815693228937597E-4
2 2 9 0.001580518231230758
2 3 0 7.761473456936758E-4
2 3 1 4.939119472596119E-5
2 3 10 4.515766374945023E-4
2 3 11 4.703923307234399E-5
2 3 2 0.002229659647629105
2 3 3 0.001239483791456264
2 3 4 2.9399520670214994E-4
2 3 5 0.00254482250921381
2 3 6 1.3876573756341478E-4
2 3 7 6.044541449796203E-4
2 3 8 1.9286085559661035E-4
2 3 9 8.231865787660198E-5
2 4 0 1.7404516236767275E-4
2 4 1 9.407846614468797E-6
2 4 10 4.939119472596119E-5
2 4 11 2.1167654882554793E-5
2 4 2 7.267561509677146E-4
2 4 3 8.937454283745358E-5
2 4 4 5.715266818289795E-4
2 4 5 0.0017051721988724695
2 4 6 3.292746315064079E-5
2 4 7 1.8110104732852435E-4
2 4 8 1.8815693228937594E-5
2 4 9 9.172650449107078E-5
2 5 0 4.915599856059946E-4
2 5 1 3.527942480425799E-5
2 5 10 2.1638047213278234E-4
2 5 11 8.231865787660198E-5
2 5 2 0.0012912269478358425
2 5 3 2.634197052051263E-4
2 5 4 3.786658262323691E-4
2 5 5 9.102091599498561E-4
2 5 6 1.2935789094894597E-4
2 5 7 7.479238058502694E-4
2 5 8 3.622020946570487E-4
2 5 9 7.596836141183554E-4
2 6 0 1.1759808268085998E-5
2 6 1 7.055884960851599E-6
2 6 10 2.3519616536171993E-6
2 6 11 4.7039233072343985E-6
2 6 2 2.5871578189789195E-5
2 6 3 3.0575501497023594E-5
2 6 4 7.055884960851599E-6
2 6 5 1.2230200598809437E-4
2 6 6 4.2335309765109587E-5
2 6 7 9.407846614468797E-6
2 6 9 1.6463731575320395E-5
2 7 0 1.7874908567490716E-4
2 7 1 2.3519616536171996E-5
2 7 10 5.244874487566355E-4
2 7 11 1.6463731575320395E-5
2 7 2 7.879071539617618E-4
2 7 3 2.1873243378639953E-4
2 7 4 4.939119472596119E-5
2 7 5 2.1167654882554794E-4
2 7 6 7.055884960851599E-6
2 7 7 6.467894547447299E-4
2 7 8 1.0113435110553958E-4
2 7 9 1.7404516236767275E-4
2 8 0 4.2335309765109587E-5
2 8 1 9.407846614468797E-6
2 8 10 2.5871578189789195E-5
2 8 11 1.8815693228937594E-5
2 8 2 5.174315637957839E-5
2 8 3 6.820688795489878E-5
2 8 4 9.407846614468797E-6
2 8 5 1.1524612102724277E-4
2 8 6 1.4111769921703197E-5
2 8 7 2.869393217412983E-4
2 8 8 1.2465396764171156E-4
2 8 9 4.7039233072343985E-6
2 9 0 2.0697262551831356E-4
2 9 1 4.7039233072343985E-6
2 9 10 4.8685606229876026E-4
2 9 11 5.644707968681279E-5
2 9 2 0.001451160340281812
2 9 3 7.055884960851598E-5
2 9 4 2.4225205032257153E-4
2 9 5 5.527109886000419E-4
2 9 6 9.407846614468797E-6
2 9 7 2.845873600876811E-4
2 9 8 1.8815693228937594E-5
2 9 9 0.0013900093372877648
3 0 0 0.001215964174920092
3 0 1 0.00119244455838392
3 0 10 6.820688795489879E-4
3 0 11 2.5871578189789195E-5
3 0 2 5.832864900970655E-4
3 0 3 0.0017780830101346028
3 0 4 6.115100299404719E-5
3 0 5 6.326776848230266E-4
3 0 6 2.963471683557671E-4
3 0 7 0.0013617857974443585
3 0 8 7.07940457738777E-4
3 0 9 2.2578831874725116E-4
3 1 0 0.0049344155492888845
3 1 1 0.001298282832796694
3 1 10 4.798001773379087E-4
3 1 11 5.315433337174871E-4
3 1 2 6.820688795489878E-5
3 1 3 0.002667124515201904
3 1 4 2.4225205032257153E-4
3 1 5 0.0010771984373566773
3 1 6 9.172650449107078E-5
3 1 7 5.4095118033195586E-5
3 1 8 2.634197052051263E-4
3 1 9 3.998334811149239E-5
3 10 0 8.49058156955809E-4
3 10 1 5.832864900970655E-4
3 10 10 0.0019827036739992992
3 10 11 2.2814028040086834E-4
3 10 2 1.6934123906043835E-4
3 10 3 0.00119244455838392
3 10 4 3.763138645787519E-5
3 10 5 9.243209298715594E-4
3 10 6 5.78582566789831E-4
3 10 7 4.939119472596119E-4
3 10 8 5.66822758521745E-4
3 10 9 1.2700592929532878E-4
3 11 0 1.1759808268085998E-5
3 11 1 3.998334811149239E-5
3 11 10 3.386824781208767E-4
3 11 11 1.3170985260256316E-4
3 11 2 7.055884960851599E-6
3 11 3 2.5636382024427475E-4
3 11 4 7.055884960851599E-6
3 11 5 1.8815693228937594E-5
3 11 6 4.7039233072343985E-6
3 11 7 1.6463731575320395E-5
3 11 8 1.9521281725022756E-4
3 11 9 2.3519616536171993E-6
3 2 0 0.0016252055026494848
3 2 1 4.210011359974787E-4
3 2 10 5.291913720638699E-4
3 2 11 6.115100299404719E-5
3 2 2 0.0014793838801252185
3 2 3 0.0015758143079235235
3 2 4 7.055884960851598E-5
3 2 5 9.90175856172841E-4
3 2 6 7.055884960851598E-5
3 2 7 3.786658262323691E-4
3 2 8 1.1524612102724277E-4
3 2 9 1.3170985260256316E-4
3 3 0 8.772816967992154E-4
3 3 1 0.0014135289538239368
3 3 10 0.0015358309598120313
3 3 11 1.5287750748511797E-4
3 3 2 0.0013406181425618037
3 3 3 0.011759808268085998
3 3 4 6.985326111243082E-4
3 3 5 0.002676532361816373
3 3 6 6.162139532477063E-4
3 3 7 4.962639089132291E-4
3 3 8 4.515766374945023E-4
3 3 9 8.467061953021917E-5
3 4 0 4.468727141872679E-5
3 4 1 3.104589382774703E-4
3 4 10 8.231865787660198E-5
3 4 11 3.0575501497023594E-5
3 4 2 1.1759808268085998E-5
3 4 3 0.0013853054139805305
3 4 4 5.150796021421666E-4
3 4 5 3.104589382774703E-4
3 4 6 2.2578831874725116E-4
3 4 7 1.3876573756341478E-4
3 4 8 1.6463731575320397E-4
3 4 9 1.1759808268085998E-5
3 5 0 8.443542336485746E-4
3 5 1 0.001060734705781357
3 5 10 9.525444697149658E-4
3 5 11 7.055884960851598E-5
3 5 2 3.810177878859863E-4
3 5 3 0.0036502444864138935
3 5 4 7.761473456936758E-5
3 5 5 0.0034691434390853692
3 5 6 0.003161036462461516
3 5 7 0.0046051409177824765
3 5 8 7.949630389226134E-4
3 5 9 5.8799041340429985E-5
3 6 0 2.7047559016597794E-4
3 6 1 1.3170985260256316E-4
3 6 10 7.808512690009102E-4
3 6 11 1.8815693228937594E-5
3 6 2 1.8815693228937594E-5
3 6 3 9.54896431368583E-4
3 6 4 2.5871578189789195E-5
3 6 5 0.0013123946027183973
3 6 6 5.244874487566355E-4
3 6 7 4.468727141872679E-5
3 6 8 2.516598969370403E-4
3 6 9 1.2230200598809437E-4
3 7 0 7.173483043532459E-4
3 7 1 1.0348631275915678E-4
3 7 10 7.31460074274949E-4
3 7 11 2.1167654882554793E-5
3 7 2 2.0932458717193075E-4
3 7 3 8.302424637268714E-4
3 7 4 6.350296464766439E-5
3 7 5 0.001084254322317529
3 7 6 4.703923307234399E-5
3 7 7 8.49058156955809E-4
3 7 8 8.514101186094262E-4
3 7 9 1.7639712402128997E-4
3 8 0 3.386824781208767E-4
3 8 1 7.291081126213319E-5
3 8 10 3.198667848919391E-4
3 8 11 9.407846614468798E-5
3 8 2 1.8815693228937594E-5
3 8 3 5.997502216723859E-4
3 8 4 7.291081126213319E-5
3 8 5 2.3049224205448553E-4
3 8 6 1.6228535409958675E-4
3 8 7 5.433031419855731E-4
3 8 8 5.597668735608935E-4
3 8 9 6.350296464766439E-5
3 9 0 1.0348631275915678E-4
3 9 1 4.7039233072343985E-6
3 9 10 1.0113435110553958E-4
3 9 11 2.3519616536171993E-6
3 9 2 1.4111769921703197E-5
3 9 3 9.878238945192238E-5
3 9 4 1.1759808268085998E-5
3 9 5 4.939119472596119E-5
3 9 6 5.8799041340429985E-5
3 9 7 1.6463731575320395E-5
3 9 8 8.467061953021917E-5
3 9 9 7.761473456936758E-5
4 0 0 2.0697262551831356E-4
4 0 1 7.055884960851598E-5
4 0 10 7.996669622298478E-5
4 0 11 7.055884960851598E-5
4 0 2 1.5522946913873516E-4
4 0 3 5.174315637957839E-5
4 0 4 2.5871578189789194E-4
4 0 5 9.172650449107078E-5
4 0 6 1.4111769921703197E-5
4 0 7 1.3641377590979756E-4
4 0 8 9.172650449107078E-5
4 0 9 1.8580497063575875E-4
4 1 0 8.467061953021917E-5
4 1 1 8.937454283745358E-5
4 1 10 1.4346966087064916E-4
4 1 11 1.6463731575320395E-5
4 1 2 7.055884960851599E-6
4 1 3 2.7047559016597794E-4
4 1 4 1.7874908567490716E-4
4 1 5 3.0575501497023594E-5
4 1 6 2.3519616536171993E-6
4 1 7 2.3519616536171996E-5
4 1 8 1.7169320071405556E-4
4 1 9 4.7039233072343985E-6
4 10 0 8.231865787660198E-5
4 10 1 8.467061953021917E-5
4 10 10 8.937454283745358E-5
4 10 11 9.407846614468797E-6
4 10 2 1.8815693228937594E-5
4 10 3 1.6463731575320395E-5
4 10 4 6.820688795489878E-5
4 10 5 5.4095118033195586E-5
4 10 6 9.407846614468797E-6
4 10 7 1.3641377590979756E-4
4 10 8 4.468727141872679E-5
4 10 9 1.1524612102724277E-4
4 11 0 4.939119472596119E-5
4 11 1 9.407846614468797E-6
4 11 10 1.6463731575320395E-5
4 11 11 7.996669622298478E-5
4 11 2 2.3519616536171996E-5
4 11 3 1.1759808268085998E-5
4 11 4 9.407846614468797E-6
4 11 5 1.1759808268085998E-5
4 11 6 3.0575501497023594E-5
4 11 7 1.6463731575320395E-5
4 11 8 1.1759808268085998E-5
4 11 9 1.1759808268085998E-5
4 2 0 3.316265931600251E-4
4 2 1 5.174315637957839E-5
4 2 10 5.8799041340429985E-5
4 2 11 2.3519616536171996E-5
4 2 2 5.997502216723859E-4
4 2 3 4.468727141872679E-5
4 2 4 6.091580682868546E-4
4 2 5 4.021854427685411E-4
4 2 6 1.4111769921703197E-5
4 2 7 5.8799041340429985E-5
4 2 8 1.1759808268085998E-5
4 2 9 2.3990008866895434E-4
4 3 0 3.998334811149239E-4
4 3 1 8.067228471906994E-4
4 3 10 1.5052554583150075E-4
4 3 11 1.0583827441277397E-4
4 3 2 3.927775961540723E-4
4 3 3 7.244041893140974E-4
4 3 4 7.055884960851599E-4
4 3 5 2.3519616536171994E-4
4 3 6 1.0113435110553958E-4
4 3 7 2.751795134732123E-4
4 3 8 4.210011359974787E-4
4 3 9 3.998334811149239E-5
4 4 0 2.3284420370810275E-4
4 4 1 9.407846614468798E-5
4 4 10 9.172650449107078E-5
4 4 11 9.172650449107078E-5
4 4 2 4.539285991481195E-4
4 4 3 6.13861991594089E-4
4 4 4 0.0033774169345942985
4 4 5 0.001143053363657959
4 4 6 1.5522946913873516E-4
4 4 7 2.4460401197618875E-4
4 4 8 6.585492630128158E-5
4 4 9 6.820688795489878E-5
4 5 0 2.6577166685874356E-4
4 5 1 7.526277291575038E-5
4 5 10 1.1289415937362558E-4
4 5 11 1.8815693228937594E-5
4 5 2 3.669060179642831E-4
4 5 3 6.820688795489878E-5
4 5 4 8.49058156955809E-4
4 5 5 0.0011736288651549825
4 5 6 2.7988343678044675E-4
4 5 7 0.0021402851047916515
4 5 8 4.939119472596119E-5
4 5 9 2.2578831874725116E-4
4 6 0 1.1759808268085998E-5
4 6 1 2.8223539843406394E-5
4 6 10 1.1759808268085998E-5
4 6 11 1.6463731575320395E-5
4 6 2 4.7039233072343985E-6
4 6 3 2.3519616536171996E-5
4 6 4 1.3170985260256316E-4
4 6 5 4.468727141872679E-5
4 6 6 1.0819023606639117E-4
4 6 7 8.702258118383638E-5
4 6 8 1.9050889394299316E-4
4 6 9 2.1167654882554793E-5
4 7 0 9.172650449107078E-5
4 7 1 3.292746315064079E-5
4 7 10 2.3754812701533715E-4
4 7 11 6.820688795489878E-5
4 7 2 1.7404516236767275E-4
4 7 3 3.0575501497023594E-5
4 7 4 1.8110104732852435E-4
4 7 5 3.2927463150640794E-4
4 7 6 3.0575501497023594E-5
4 7 7 3.716099412715175E-4
4 7 8 1.2230200598809437E-4
4 7 9 2.728275518195951E-4
4 8 0 5.174315637957839E-5
4 8 1 5.174315637957839E-5
4 8 10 4.468727141872679E-5
4 8 11 2.8223539843406394E-5
4 8 2 1.1759808268085998E-5
4 8 3 7.761473456936758E-5
4 8 4 8.467061953021917E-5
4 8 5 2.8223539843406394E-5
4 8 6 1.1524612102724277E-4
4 8 7 6.115100299404719E-5
4 8 8 1.5052554583150075E-4
4 8 9 3.527942480425799E-5
4 9 0 1.3170985260256316E-4
4 9 1 4.7039233072343985E-6
4 9 10 6.820688795489878E-5
4 9 11 9.407846614468797E-6
4 9 2 3.0575501497023594E-5
4 9 3 7.055884960851599E-6
4 9 4 2.7753147512682956E-4
4 9 5 5.8799041340429985E-5
4 9 6 2.3519616536171993E-6
4 9 7 9.643042779830517E-5
4 9 8 4.2335309765109587E-5
4 9 9 2.516598969370403E-4
5 0 0 0.0051978352544940105
5 0 1 0.0013500259891762725
5 0 10 0.0016463731575320395
5 0 11 9.643042779830517E-5
5 0 2 5.433031419855731E-4
5 0 3 7.573316524647382E-4
5 0 4 1.5052554583150075E-4
5 0 5 0.004807409619993556
5 0 6 1.6228535409958675E-4
5 0 7 0.0010160474343626302
5 0 8 0.0026977000166989278
5 0 9 3.598501330034315E-4
5 1 0 0.0015546466530409688
5 1 1 0.0012794671395677565
5 1 10 0.0021661566829814407
5 1 11 4.468727141872679E-5
5 1 2 2.8223539843406394E-5
5 1 3 0.0010089915494017785
5 1 4 2.8223539843406394E-5
5 1 5 0.0021167654882554795
5 1 6 2.4225205032257153E-4
5 1 7 9.172650449107078E-5
5 1 8 2.516598969370403E-4
5 1 9 3.763138645787519E-5
5 10 0 7.973150005762306E-4
5 10 1 0.0013782495290196788
5 10 10 0.002523654854331255
5 10 11 8.231865787660198E-5
5 10 2 2.6577166685874356E-4
5 10 3 3.5279424804257994E-4
5 10 4 4.2335309765109587E-5
5 10 5 0.0032362992353772665
5 10 6 3.6455405631066593E-4
5 10 7 3.786658262323691E-4
5 10 8 6.891247645098394E-4
5 10 9 3.010510916630015E-4
5 11 0 7.996669622298478E-5
5 11 1 1.1759808268085998E-5
5 11 10 1.5993339244596956E-4
5 11 11 1.1054219772000837E-4
5 11 2 4.2335309765109587E-5
5 11 3 3.763138645787519E-5
5 11 4 2.3519616536171993E-6
5 11 5 1.3641377590979756E-4
5 11 6 4.7039233072343985E-6
5 11 7 1.4111769921703197E-5
5 11 8 1.2935789094894597E-4
5 11 9 4.7039233072343985E-6
5 2 0 3.857217111932207E-4
5 2 1 3.292746315064079E-5
5 2 10 3.574981713498143E-4
5 2 11 1.1759808268085997E-4
5 2 2 9.572483930222001E-4
5 2 3 6.632531863200502E-4
5 2 4 4.539285991481195E-4
5 2 5 0.0010466229358596538
5 2 6 2.5871578189789195E-5
5 2 7 2.751795134732123E-4
5 2 8 2.0697262551831356E-4
5 2 9 4.633364457625883E-4
5 3 0 9.031532749890046E-4
5 3 1 0.004254698631393513
5 3 10 7.31460074274949E-4
5 3 11 7.526277291575038E-5
5 3 2 0.0016887084672971492
5 3 3 0.0020908939100656903
5 3 4 9.407846614468798E-5
5 3 5 0.004174731935170529
5 3 6 8.349463870341058E-4
5 3 7 9.878238945192238E-4
5 3 8 3.598501330034315E-4
5 3 9 3.763138645787519E-5
5 4 0 1.9521281725022756E-4
5 4 1 5.174315637957839E-5
5 4 10 9.407846614468798E-5
5 4 11 4.2335309765109587E-5
5 4 2 6.350296464766439E-4
5 4 3 7.126443810460114E-4
5 4 4 8.349463870341058E-4
5 4 5 0.001248891638070733
5 4 6 3.292746315064079E-5
5 4 7 5.480070652928075E-4
5 4 8 6.115100299404719E-5
5 4 9 3.0340305331661875E-4
5 5 0 0.0054706628063136056
5 5 1 0.0018110104732852435
5 5 10 0.0021261733348699485
5 5 11 1.0583827441277397E-4
5 5 2 8.231865787660198E-4
5 5 3 0.0032104276571874773
5 5 4 0.0012418357531098813
5 5 5 0.03810413075025225
5 5 6 0.0022602351491261287
5 5 7 0.003513830710504096
5 5 8 0.0020908939100656903
5 5 9 7.032365344315426E-4
5 6 0 1.5522946913873516E-4
5 6 1 2.1873243378639953E-4
5 6 10 6.326776848230266E-4
5 6 11 1.8815693228937594E-5
5 6 2 4.468727141872679E-5
5 6 3 7.31460074274949E-4
5 6 4 1.4111769921703197E-5
5 6 5 0.004137100548712654
5 6 6 0.0013241544109864833
5 6 7 4.539285991481195E-4
5 6 8 0.0018933291311618455
5 6 9 6.585492630128158E-5
5 7 0 6.326776848230266E-4
5 7 1 2.5401185859065756E-4
5 7 10 0.0010278072426307162
5 7 11 4.468727141872679E-5
5 7 2 4.586325224553539E-4
5 7 3 9.619523163294345E-4
5 7 4 2.0697262551831356E-4
5 7 5 0.0034644395157781348
5 7 6 9.407846614468798E-5
5 7 7 0.0029187844121389443
5 7 8 0.006183307187359617
5 7 9 0.0027047559016597795
5 8 0 0.002596565665593388
5 8 1 2.1638047213278234E-4
5 8 10 0.0011947965200375373
5 8 11 2.1638047213278234E-4
5 8 2 9.407846614468798E-5
5 8 3 5.597668735608935E-4
5 8 4 4.468727141872679E-5
5 8 5 0.0027188676715814825
5 8 6 2.1638047213278234E-4
5 8 7 0.0016087417710741645
5 8 8 0.0015381829214656485
5 8 9 9.407846614468798E-5
5 9 0 5.362472570247215E-4
5 9 1 2.8223539843406394E-5
5 9 10 6.279737615157923E-4
5 9 11 3.0575501497023594E-5
5 9 2 3.2692266985279075E-4
5 9 3 3.292746315064079E-5
5 9 4 1.6463731575320397E-4
5 9 5 5.338952953711043E-4
5 9 6 1.6463731575320395E-5
5 9 7 3.974815194613067E-4
5 9 8 9.643042779830517E-5
5 9 9 7.737953840400586E-4
6 0 0 1.0348631275915678E-4
6 0 1 1.6463731575320397E-4
6 0 10 1.1289415937362558E-4
6 0 11 9.407846614468797E-6
6 0 2 2.3519616536171996E-5
6 0 3 2.2343635709363394E-4
6 0 4 4.7039233072343985E-6
6 0 5 8.937454283745358E-5
6 0 6 1.4111769921703197E-4
6 0 7 2.3519616536171993E-6
6 0 8 1.6463731575320395E-5
6 0 9 4.703923307234399E-5
6 1 0 9.407846614468798E-5
6 1 1 2.0932458717193075E-4
6 1 10 1.5758143079235237E-4
6 1 11 2.3519616536171996E-5
6 1 2 1.1759808268085998E-5
6 1 3 1.1995004433447717E-4
6 1 4 1.8815693228937594E-5
6 1 5 1.8110104732852435E-4
6 1 6 6.115100299404719E-5
6 1 7 9.407846614468797E-6
6 1 8 8.231865787660198E-5
6 10 0 1.9521281725022756E-4
6 10 1 1.4582162252426637E-4
6 10 10 8.090748088443166E-4
6 10 11 1.1054219772000837E-4
6 10 2 1.4111769921703197E-5
6 10 3 2.751795134732123E-4
6 10 4 2.1167654882554793E-5
6 10 5 5.574149119072763E-4
6 10 6 4.821521389915259E-4
6 10 7 6.585492630128158E-5
6 10 8 1.8580497063575875E-4
6 10 9 3.527942480425799E-5
6 11 0 9.407846614468797E-6
6 11 1 1.8815693228937594E-5
6 11 10 6.350296464766439E-5
6 11 11 1.4111769921703197E-5
6 11 2 2.3519616536171993E-6
6 11 3 9.407846614468797E-6
6 11 4 1.1759808268085998E-5
6 11 6 1.1759808268085998E-5
6 11 8 4.2335309765109587E-5
6 2 0 9.407846614468797E-6
6 2 1 1.4111769921703197E-5
6 2 10 2.1167654882554793E-5
6 2 11 7.055884960851599E-6
6 2 2 3.527942480425799E-5
6 2 3 1.8815693228937594E-5
6 2 4 9.407846614468797E-6
6 2 5 1.8815693228937594E-5
6 2 6 2.3519616536171996E-5
6 2 7 7.055884960851599E-6
6 2 8 2.3519616536171993E-6
6 2 9 7.055884960851599E-6
6 3 0 5.033197938740806E-4
6 3 1 1.7874908567490716E-4
6 3 10 6.044541449796203E-4
6 3 11 4.703923307234399E-5
6 3 2 3.292746315064079E-5
6 3 3 5.009678322204635E-4
6 3 4 6.585492630128158E-5
6 3 5 0.0010042876260945442
6 3 6 9.31376814832411E-4
6 3 7 9.407846614468797E-6
6 3 8 5.644707968681279E-5
6 3 9 7.055884960851598E-5
6 4 0 1.4111769921703197E-5
6 4 1 4.703923307234399E-5
6 4 10 7.055884960851599E-6
6 4 11 2.3519616536171993E-6
6 4 2 3.527942480425799E-5
6 4 3 4.798001773379087E-4
6 4 4 7.526277291575038E-5
6 4 5 9.407846614468797E-6
6 4 6 7.761473456936758E-5
6 4 7 1.6463731575320395E-5
6 4 8 6.585492630128158E-5
6 4 9 2.3519616536171993E-6
6 5 0 6.49141416398347E-4
6 5 1 9.031532749890046E-4
6 5 10 0.0010278072426307162
6 5 11 6.115100299404719E-5
6 5 2 2.5871578189789194E-4
6 5 3 0.0028341137926087253
6 5 4 4.8685606229876026E-4
6 5 5 0.0026106774355150915
6 5 6 0.00178043497178822
6 5 7 3.598501330034315E-4
6 5 8 6.185659149013235E-4
6 5 9 2.1638047213278234E-4
6 6 0 9.878238945192238E-5
6 6 1 1.7874908567490716E-4
6 6 10 3.2927463150640794E-4
6 6 11 1.8815693228937594E-5
6 6 2 5.174315637957839E-5
6 6 3 3.7631386457875193E-4
6 6 4 7.996669622298478E-5
6 6 5 0.0016910604289507665
6 6 6 0.0033068580849857825
6 6 7 1.5758143079235237E-4
6 6 8 4.045374044221583E-4
6 6 9 6.350296464766439E-5
6 7 0 3.0575501497023594E-5
6 7 1 1.8815693228937594E-5
6 7 10 9.643042779830517E-5
6 7 11 2.3519616536171993E-6
6 7 2 2.1167654882554793E-5
6 7 3 2.8223539843406394E-5
6 7 4 1.8815693228937594E-5
6 7 5 7.761473456936758E-5
6 7 6 6.585492630128158E-5
6 7 7 2.2343635709363394E-4
6 7 8 2.963471683557671E-4
6 7 9 7.055884960851598E-5
6 8 0 5.4095118033195586E-5
6 8 1 8.937454283745358E-5
6 8 10 0.0016205015793422505
6 8 11 9.643042779830517E-5
6 8 2 2.3519616536171993E-6
6 8 3 1.2465396764171156E-4
6 8 4 3.527942480425799E-5
6 8 5 2.5636382024427475E-4
6 8 6 6.84420841202605E-4
6 8 7 3.527942480425799E-5
6 8 8 4.233530976510959E-4
6 8 9 2.986991300093843E-4
6 9 0 1.0348631275915678E-4
6 9 1 2.1167654882554793E-5
6 9 10 7.996669622298478E-5
6 9 11 1.1759808268085998E-5
6 9 2 1.8815693228937594E-5
6 9 3 3.0575501497023594E-5
6 9 4 1.1759808268085998E-5
6 9 5 1.8815693228937594E-5
6 9 6 7.291081126213319E-5
6 9 7 3.0575501497023594E-5
6 9 8 7.761473456936758E-5
6 9 9 4.2335309765109587E-5
7 0 0 0.0014323446470528745
7 0 1 3.574981713498143E-4
7 0 10 6.37381608130261E-4
7 0 11 5.8799041340429985E-5
7 0 2 3.339785548136423E-4
7 0 3 8.72577773491981E-4
7 0 4 1.8345300898214156E-4
7 0 5 3.786658262323691E-4
7 0 6 2.3519616536171996E-5
7 0 7 0.0016063898094205472
7 0 8 5.080237171813151E-4
7 0 9 8.937454283745358E-5
7 1 0 4.633364457625883E-4
7 1 1 1.7874908567490716E-4
7 1 10 3.716099412715175E-4
7 1 11 7.055884960851599E-6
7 1 2 1.1759808268085998E-5
7 1 3 5.644707968681279E-5
7 1 4 2.3519616536171996E-5
7 1 5 1.1995004433447717E-4
7 1 6 1.1759808268085998E-5
7 1 7 2.2578831874725116E-4
7 1 8 9.643042779830517E-5
7 1 9 1.6463731575320395E-5
7 10 0 0.0016087417710741645
7 10 1 7.338120359285662E-4
7 10 10 0.0012089082899592405
7 10 11 1.3406181425618037E-4
7 10 2 9.407846614468798E-4
7 10 3 3.1751482323832194E-4
7 10 4 1.0819023606639117E-4
7 10 5 8.37298348687723E-4
7 10 6 5.174315637957839E-5
7 10 7 0.001568758422962672
7 10 8 8.772816967992154E-4
7 10 9 6.091580682868546E-4
7 11 0 8.467061953021917E-5
7 11 1 1.6463731575320395E-5
7 11 10 1.4111769921703197E-4
7 11 11 8.231865787660198E-5
7 11 2 1.4111769921703197E-5
7 11 3 1.8815693228937594E-5
7 11 4 7.055884960851599E-6
7 11 5 1.8815693228937594E-5
7 11 6 4.7039233072343985E-6
7 11 7 5.8799041340429985E-5
7 11 8 2.3519616536171996E-5
7 11 9 1.1759808268085998E-5
7 2 0 4.045374044221583E-4
7 2 1 3.998334811149239E-5
7 2 10 6.115100299404719E-4
7 2 11 1.6463731575320395E-5
7 2 2 0.0012818191012213737
7 2 3 3.622020946570487E-4
7 2 4 1.6698927740682116E-4
7 2 5 3.386824781208767E-4
7 2 6 2.1167654882554793E-5
7 2 7 8.25538540419637E-4
7 2 8 6.585492630128158E-5
7 2 9 3.504422863889627E-4
7 3 0 0.0012535955613779673
7 3 1 1.4817358417788356E-4
7 3 10 4.915599856059946E-4
7 3 11 3.292746315064079E-5
7 3 2 5.456551036391903E-4
7 3 3 7.43219882543035E-4
7 3 4 6.585492630128158E-5
7 3 5 0.0010278072426307162
7 3 6 4.703923307234399E-5
7 3 7 0.0010325111659379505
7 3 8 1.4817358417788356E-4
7 3 9 4.939119472596119E-5
7 4 0 2.0697262551831356E-4
7 4 1 6.350296464766439E-5
7 4 10 1.0819023606639117E-4
7 4 11 2.3519616536171996E-5
7 4 2 9.643042779830517E-5
7 4 3 1.1054219772000837E-4
7 4 4 1.5052554583150075E-4
7 4 5 3.245707081991735E-4
7 4 6 2.1167654882554793E-5
7 4 7 2.5636382024427475E-4
7 4 8 3.998334811149239E-5
7 4 9 2.3519616536171996E-5
7 5 0 0.0011359974786971073
7 5 1 3.198667848919391E-4
7 5 10 4.186491743438615E-4
7 5 11 2.5871578189789195E-5
7 5 2 3.1751482323832194E-4
7 5 3 0.0029187844121389443
7 5 4 0.0010795503990102945
7 5 5 0.0027894265211899985
7 5 6 1.0348631275915678E-4
7 5 7 0.0035491101353083538
7 5 8 0.001404121107209468
7 5 9 5.127276404885495E-4
7 6 0 3.527942480425799E-5
7 6 1 4.7039233072343985E-6
7 6 10 2.3519616536171996E-5
7 6 11 4.7039233072343985E-6
7 6 2 7.055884960851599E-6
7 6 3 5.4095118033195586E-5
7 6 4 6.585492630128158E-5
7 6 5 7.502757675038866E-4
7 6 6 1.7874908567490716E-4
7 6 7 8.467061953021917E-5
7 6 8 2.1167654882554793E-5
7 6 9 2.8223539843406394E-5
7 7 0 9.737121245975205E-4
7 7 1 1.9756477890384475E-4
7 7 10 0.0013500259891762725
7 7 11 7.291081126213319E-5
7 7 2 0.0011477572869651933
7 7 3 7.291081126213319E-4
7 7 4 2.751795134732123E-4
7 7 5 0.0025142470077167862
7 7 6 2.9399520670214994E-4
7 7 7 0.014481027901321096
7 7 8 0.0029046726422172413
7 7 9 0.001345322065869038
7 8 0 0.0012206680982273265
7 8 1 1.9521281725022756E-4
7 8 10 0.0053295451070965736
7 8 11 1.4817358417788356E-4
7 8 2 1.2700592929532878E-4
7 8 3 6.350296464766439E-4
7 8 4 7.761473456936758E-5
7 8 5 0.001533478998158414
7 8 6 6.350296464766439E-5
7 8 7 0.0044357996787220385
7 8 8 0.0024907273911806142
7 8 9 4.045374044221583E-4
7 9 0 4.280570209583303E-4
7 9 1 6.820688795489878E-5
7 9 10 0.0031563325391542815
7 9 11 2.6106774355150913E-4
7 9 2 2.7753147512682956E-4
7 9 3 5.174315637957839E-5
7 9 4 1.5052554583150075E-4
7 9 5 4.139452510366271E-4
7 9 6 1.8815693228937594E-5
7 9 7 7.008845727779254E-4
7 9 8 1.5758143079235237E-4
7 9 9 0.001272411254606905
8 0 0 0.001909792862737166
8 0 1 0.0011947965200375373
8 0 10 0.0015475907680801172
8 0 11 4.939119472596119E-5
8 0 2 2.1402851047916516E-4
8 0 3 0.0010466229358596538
8 0 4 4.468727141872679E-5
8 0 5 0.0015852221545379925
8 0 6 8.467061953021917E-5
8 0 7 8.819856201064498E-4
8 0 8 0.0020297429070716432
8 0 9 3.0575501497023594E-5
8 1 0 4.398168292264163E-4
8 1 1 3.128108999310875E-4
8 1 10 2.2343635709363394E-4
8 1 11 6.115100299404719E-5
8 1 2 1.4111769921703197E-5
8 1 3 2.3284420370810275E-4
8 1 4 7.526277291575038E-5
8 1 5 1.5052554583150075E-4
8 1 6 1.6463731575320395E-5
8 1 7 4.468727141872679E-5
8 1 8 2.9399520670214994E-4
8 1 9 1.4111769921703197E-5
8 10 0 0.00641615139106772
8 10 1 6.538453397055815E-4
8 10 10 0.002450744043069122
8 10 11 0.0011877406350766857
8 10 2 7.055884960851598E-5
8 10 3 4.092413277293927E-4
8 10 4 3.763138645787519E-5
8 10 5 9.243209298715594E-4
8 10 6 2.7047559016597794E-4
8 10 7 7.361639975821834E-4
8 10 8 0.005251930372527206
8 10 9 7.055884960851598E-5
8 11 0 3.0575501497023594E-5
8 11 1 1.0113435110553958E-4
8 11 10 4.8685606229876026E-4
8 11 11 1.8580497063575875E-4
8 11 2 5.644707968681279E-5
8 11 3 1.9286085559661035E-4
8 11 4 1.1759808268085998E-5
8 11 5 6.115100299404719E-5
8 11 6 1.4111769921703197E-5
8 11 7 3.998334811149239E-5
8 11 8 2.0462066386469635E-4
8 11 9 1.4111769921703197E-5
8 2 0 5.644707968681279E-5
8 2 1 2.3519616536171996E-5
8 2 10 2.3519616536171996E-5
8 2 11 2.5871578189789195E-5
8 2 2 5.644707968681279E-5
8 2 3 1.6228535409958675E-4
8 2 4 1.1759808268085998E-5
8 2 5 8.231865787660198E-5
8 2 6 7.055884960851599E-6
8 2 7 3.292746315064079E-5
8 2 8 4.2335309765109587E-5
8 2 9 2.3519616536171993E-6
8 3 0 6.49141416398347E-4
8 3 1 3.880736728468379E-4
8 3 10 4.821521389915259E-4
8 3 11 2.0697262551831356E-4
8 3 2 8.467061953021917E-5
8 3 3 7.949630389226134E-4
8 3 4 1.5522946913873516E-4
8 3 5 7.479238058502694E-4
8 3 6 1.5052554583150075E-4
8 3 7 3.0575501497023594E-4
8 3 8 5.621188352145106E-4
8 3 9 2.1167654882554793E-5
8 4 0 3.0575501497023594E-5
8 4 1 1.5052554583150075E-4
8 4 10 1.1759808268085998E-5
8 4 11 1.6463731575320395E-5
8 4 2 2.1167654882554793E-5
8 4 3 2.2343635709363394E-4
8 4 4 8.702258118383638E-5
8 4 5 2.8223539843406394E-5
8 4 6 4.939119472596119E-5
8 4 7 2.5871578189789195E-5
8 4 8 1.1054219772000837E-4
8 5 0 0.002596565665593388
8 5 1 3.504422863889627E-4
8 5 10 5.033197938740806E-4
8 5 11 1.3641377590979756E-4
8 5 2 2.8223539843406394E-4
8 5 3 5.66822758521745E-4
8 5 4 6.585492630128158E-5
8 5 5 0.0019591840574631272
8 5 6 4.892080239523775E-4
8 5 7 0.0015664064613090548
8 5 8 0.0024483920814155047
8 5 9 2.3519616536171996E-5
8 6 0 3.763138645787519E-5
8 6 1 7.526277291575038E-5
8 6 10 1.7404516236767275E-4
8 6 11 4.939119472596119E-5
8 6 2 4.7039233072343985E-6
8 6 3 2.1167654882554794E-4
8 6 4 4.327609442655647E-4
8 6 5 0.0021567488363669718
8 6 6 4.821521389915259E-4
8 6 7 2.8223539843406394E-5
8 6 8 5.550629502536591E-4
8 6 9 5.8799041340429985E-5
8 7 0 0.0011124778621609353
8 7 1 2.6106774355150913E-4
8 7 10 0.0020532625236078152
8 7 11 1.1054219772000837E-4
8 7 2 2.4695597362980594E-4
8 7 3 8.13778732151551E-4
8 7 4 1.5993339244596956E-4
8 7 5 0.003833697495396035
8 7 6 4.962639089132291E-4
8 7 7 0.0026600686302410527
8 7 8 0.003429160090973877
8 7 9 1.0819023606639117E-4
8 8 0 0.0013853054139805305
8 8 1 3.316265931600251E-4
8 8 10 0.0025048391611023173
8 8 11 2.516598969370403E-4
8 8 2 4.939119472596119E-5
8 8 3 8.114267704979338E-4
8 8 4 1.0348631275915678E-4
8 8 5 0.0014558642635890465
8 8 6 5.221354871030183E-4
8 8 7 0.0024366322731474185
8 8 8 0.011200041394525104
8 8 9 4.021854427685411E-4
8 9 0 3.0575501497023594E-5
8 9 1 6.115100299404719E-5
8 9 10 2.7047559016597794E-4
8 9 11 7.996669622298478E-5
8 9 2 4.7039233072343985E-6
8 9 3 4.2335309765109587E-5
8 9 4 7.055884960851599E-6
8 9 5 2.1167654882554793E-5
8 9 6 7.761473456936758E-5
8 9 7 3.527942480425799E-5
8 9 8 9.54896431368583E-4
8 9 9 2.869393217412983E-4
9 0 0 6.985326111243082E-4
9 0 1 2.3284420370810275E-4
9 0 10 4.3746486757279907E-4
9 0 11 4.468727141872679E-5
9 0 2 4.8685606229876026E-4
9 0 3 4.633364457625883E-4
9 0 4 2.751795134732123E-4
9 0 5 2.728275518195951E-4
9 0 6 3.763138645787519E-5
9 0 7 2.3990008866895434E-4
9 0 8 3.998334811149239E-5
9 0 9 8.184826554587854E-4
9 1 0 1.3406181425618037E-4
9 1 1 5.174315637957839E-5
9 1 10 3.763138645787519E-5
9 1 11 5.174315637957839E-5
9 1 2 4.7039233072343985E-6
9 1 3 1.8815693228937594E-5
9 1 4 7.055884960851599E-6
9 1 5 1.1759808268085998E-5
9 1 6 2.3519616536171993E-6
9 1 7 9.407846614468797E-6
9 1 8 3.292746315064079E-5
9 1 9 2.8223539843406394E-5
9 10 0 0.0028529294858376628
9 10 1 1.3876573756341478E-4
9 10 10 0.0016369653109175708
9 10 11 2.1638047213278234E-4
9 10 2 5.503590269464246E-4
9 10 3 9.172650449107078E-5
9 10 4 7.526277291575038E-5
9 10 5 3.786658262323691E-4
9 10 6 7.526277291575038E-5
9 10 7 7.267561509677146E-4
9 10 8 5.644707968681279E-5
9 10 9 0.0024601518896835905
9 11 0 3.198667848919391E-4
9 11 1 1.0348631275915678E-4
9 11 10 7.996669622298478E-5
9 11 11 1.1759808268085997E-4
9 11 2 4.468727141872679E-5
9 11 3 4.7039233072343985E-6
9 11 4 4.7039233072343985E-6
9 11 5 7.055884960851599E-6
9 11 6 2.3519616536171993E-6
9 11 7 1.1759808268085998E-5
9 11 8 9.407846614468797E-6
9 11 9 1.6698927740682116E-4
9 2 0 1.9286085559661035E-4
9 2 1 5.174315637957839E-5
9 2 10 1.2700592929532878E-4
9 2 11 7.055884960851599E-6
9 2 2 0.0010701425523958258
9 2 3 9.172650449107078E-5
9 2 4 1.0113435110553958E-4
9 2 5 4.398168292264163E-4
9 2 6 7.055884960851599E-6
9 2 7 1.6228535409958675E-4
9 2 8 9.407846614468797E-6
9 2 9 0.0012935789094894597
9 3 0 1.5052554583150075E-4
9 3 1 2.8223539843406394E-5
9 3 10 5.644707968681279E-5
9 3 2 1.1759808268085997E-4
9 3 3 9.878238945192238E-5
9 3 4 1.8815693228937594E-5
9 3 5 4.939119472596119E-5
9 3 6 3.0575501497023594E-5
9 3 7 2.8223539843406394E-5
9 3 8 3.527942480425799E-5
9 3 9 6.115100299404719E-5
9 4 0 1.9991674055746194E-4
9 4 1 9.407846614468797E-6
9 4 10 7.526277291575038E-5
9 4 11 1.8815693228937594E-5
9 4 2 2.516598969370403E-4
9 4 3 1.6463731575320395E-5
9 4 4 3.716099412715175E-4
9 4 5 2.6812362851236075E-4
9 4 6 1.1759808268085998E-5
9 4 7 1.2935789094894597E-4
9 4 8 1.1759808268085998E-5
9 4 9 3.386824781208767E-4
9 5 0 3.669060179642831E-4
9 5 1 5.644707968681279E-5
9 5 10 1.5522946913873516E-4
9 5 11 4.7039233072343985E-6
9 5 2 5.056717555276979E-4
9 5 3 4.939119472596119E-5
9 5 4 1.3406181425618037E-4
9 5 5 5.926943367115343E-4
9 5 6 3.0575501497023594E-5
9 5 7 4.703923307234399E-4
9 5 8 4.703923307234399E-5
9 5 9 5.738786434825966E-4
9 6 0 6.115100299404719E-5
9 6 1 3.998334811149239E-5
9 6 10 9.407846614468797E-6
9 6 11 4.7039233072343985E-6
9 6 2 9.407846614468797E-6
9 6 3 1.3641377590979756E-4
9 6 4 2.5871578189789195E-5
9 6 5 9.878238945192238E-5
9 6 6 7.761473456936758E-5
9 6 7 1.6463731575320395E-5
9 6 8 9.878238945192238E-5
9 6 9 6.820688795489878E-5
9 7 0 1.3170985260256316E-4
9 7 1 3.998334811149239E-5
9 7 10 6.303257231694095E-4
9 7 11 2.5871578189789195E-5
9 7 2 2.869393217412983E-4
9 7 3 6.820688795489878E-5
9 7 4 7.761473456936758E-5
9 7 5 0.0011501092486188105
9 7 6 7.761473456936758E-5
9 7 7 8.302424637268714E-4
9 7 8 5.644707968681279E-5
9 7 9 0.0010160474343626302
9 8 0 1.9286085559661035E-4
9 8 1 1.1995004433447717E-4
9 8 10 1.7404516236767275E-4
9 8 11 5.8799041340429985E-5
9 8 2 3.527942480425799E-5
9 8 3 1.0819023606639117E-4
9 8 4 7.761473456936758E-5
9 8 5 1.8110104732852435E-4
9 8 6 2.963471683557671E-4
9 8 7 6.60901224666433E-4
9 8 8 6.13861991594089E-4
9 8 9 3.598501330034315E-4
9 9 0 6.397335697838783E-4
9 9 1 8.231865787660198E-5
9 9 10 0.0019403683642341895
9 9 11 1.4817358417788356E-4
9 9 2 6.938286878170739E-4
9 9 3 1.2230200598809437E-4
9 9 4 4.703923307234399E-4
9 9 5 4.7274429237705707E-4
9 9 6 8.702258118383638E-5
9 9 7 0.0011407014020043417
9 9 8 4.515766374945023E-4
9 9 9 0.009008013133353874
